org_id remap_id
1 0
2 1
3 2
5 3
6 4
7 5
8 6
9 7
10 8
11 9
13 10
17 11
18 12
19 13
23 14
24 15
25 16
26 17
27 18
28 19
29 20
31 21
33 22
34 23
35 24
36 25
37 26
38 27
39 28
40 29
42 30
44 31
45 32
46 33
48 34
49 35
52 36
53 37
56 38
58 39
59 40
60 41
62 42
63 43
65 44
66 45
67 46
68 47
69 48
70 49
72 50
73 51
74 52
75 53
76 54
78 55
80 56
81 57
82 58
83 59
84 60
86 61
87 62
88 63
90 64
91 65
92 66
93 67
95 68
97 69
99 70
101 71
102 72
103 73
105 74
106 75
107 76
109 77
110 78
111 79
112 80
113 81
114 82
115 83
116 84
117 85
118 86
119 87
120 88
121 89
123 90
125 91
126 92
127 93
128 94
129 95
130 96
131 97
132 98
133 99
134 100
135 101
136 102
137 103
138 104
139 105
140 106
143 107
144 108
146 109
147 110
148 111
149 112
150 113
151 114
153 115
155 116
156 117
157 118
161 119
162 120
163 121
164 122
165 123
166 124
169 125
170 126
173 127
174 128
175 129
176 130
177 131
178 132
181 133
182 134
183 135
184 136
186 137
187 138
189 139
190 140
192 141
193 142
194 143
195 144
196 145
198 146
199 147
201 148
202 149
204 150
205 151
206 152
208 153
210 154
211 155
212 156
214 157
215 158
216 159
218 160
220 161
222 162
223 163
224 164
225 165
229 166
230 167
231 168
232 169
233 170
234 171
235 172
236 173
237 174
238 175
239 176
241 177
242 178
244 179
245 180
246 181
247 182
248 183
249 184
252 185
253 186
255 187
256 188
257 189
258 190
259 191
260 192
261 193
262 194
263 195
264 196
265 197
266 198
267 199
268 200
269 201
270 202
271 203
272 204
273 205
274 206
275 207
278 208
280 209
281 210
283 211
284 212
285 213
286 214
287 215
288 216
289 217
291 218
293 219
295 220
296 221
297 222
299 223
300 224
301 225
302 226
303 227
305 228
306 229
307 230
308 231
309 232
310 233
314 234
316 235
319 236
321 237
322 238
323 239
325 240
326 241
327 242
329 243
330 244
331 245
332 246
333 247
334 248
335 249
336 250
337 251
338 252
339 253
340 254
342 255
343 256
344 257
345 258
346 259
347 260
348 261
349 262
350 263
351 264
352 265
354 266
355 267
357 268
358 269
359 270
363 271
366 272
368 273
370 274
371 275
372 276
374 277
375 278
376 279
377 280
378 281
379 282
380 283
381 284
382 285
385 286
386 287
387 288
388 289
389 290
390 291
391 292
392 293
396 294
398 295
399 296
401 297
402 298
403 299
404 300
406 301
408 302
409 303
410 304
411 305
412 306
413 307
415 308
416 309
418 310
419 311
420 312
424 313
425 314
426 315
428 316
429 317
430 318
431 319
433 320
434 321
435 322
436 323
437 324
438 325
439 326
441 327
442 328
443 329
444 330
445 331
446 332
447 333
449 334
450 335
451 336
452 337
453 338
454 339
456 340
457 341
461 342
462 343
463 344
464 345
466 346
467 347
469 348
470 349
471 350
472 351
473 352
474 353
475 354
476 355
477 356
478 357
479 358
480 359
481 360
482 361
484 362
485 363
486 364
490 365
493 366
494 367
495 368
496 369
498 370
499 371
500 372
501 373
502 374
503 375
504 376
505 377
507 378
508 379
509 380
510 381
512 382
514 383
515 384
516 385
517 386
518 387
520 388
521 389
522 390
523 391
524 392
525 393
526 394
527 395
528 396
529 397
530 398
531 399
532 400
533 401
534 402
536 403
537 404
538 405
539 406
540 407
541 408
543 409
544 410
546 411
547 412
548 413
549 414
550 415
551 416
552 417
553 418
556 419
558 420
560 421
561 422
563 423
564 424
566 425
567 426
568 427
569 428
570 429
571 430
573 431
574 432
575 433
576 434
577 435
579 436
580 437
582 438
583 439
584 440
585 441
586 442
587 443
588 444
590 445
591 446
592 447
593 448
594 449
595 450
597 451
601 452
602 453
604 454
605 455
606 456
607 457
608 458
609 459
610 460
611 461
613 462
614 463
615 464
616 465
620 466
621 467
622 468
623 469
624 470
625 471
626 472
628 473
629 474
630 475
631 476
634 477
635 478
636 479
637 480
638 481
639 482
640 483
641 484
642 485
644 486
645 487
646 488
647 489
648 490
649 491
650 492
651 493
652 494
654 495
655 496
656 497
657 498
659 499
660 500
661 501
663 502
664 503
666 504
667 505
669 506
670 507
671 508
672 509
673 510
674 511
676 512
677 513
678 514
679 515
681 516
682 517
685 518
687 519
689 520
690 521
691 522
692 523
693 524
695 525
696 526
697 527
698 528
699 529
701 530
702 531
705 532
706 533
709 534
710 535
711 536
712 537
713 538
714 539
715 540
716 541
718 542
720 543
721 544
722 545
724 546
725 547
726 548
727 549
729 550
730 551
731 552
732 553
733 554
734 555
735 556
736 557
737 558
739 559
740 560
741 561
742 562
743 563
744 564
746 565
748 566
749 567
750 568
752 569
753 570
754 571
755 572
756 573
757 574
759 575
760 576
761 577
762 578
764 579
765 580
767 581
768 582
769 583
770 584
772 585
774 586
776 587
778 588
780 589
781 590
783 591
784 592
785 593
786 594
787 595
788 596
789 597
790 598
791 599
793 600
794 601
795 602
796 603
797 604
798 605
800 606
801 607
802 608
804 609
805 610
806 611
808 612
809 613
810 614
811 615
812 616
814 617
815 618
816 619
817 620
818 621
819 622
820 623
822 624
823 625
824 626
828 627
829 628
830 629
831 630
834 631
838 632
839 633
840 634
843 635
844 636
845 637
846 638
847 639
848 640
849 641
850 642
852 643
853 644
854 645
855 646
857 647
858 648
859 649
861 650
862 651
863 652
864 653
867 654
869 655
871 656
872 657
873 658
875 659
876 660
877 661
878 662
879 663
880 664
881 665
882 666
884 667
885 668
888 669
889 670
890 671
891 672
892 673
894 674
895 675
896 676
897 677
899 678
902 679
904 680
905 681
909 682
910 683
911 684
914 685
916 686
917 687
919 688
920 689
921 690
922 691
924 692
926 693
927 694
928 695
929 696
931 697
932 698
933 699
934 700
935 701
937 702
939 703
940 704
943 705
944 706
945 707
946 708
948 709
949 710
951 711
952 712
953 713
954 714
955 715
956 716
957 717
958 718
959 719
960 720
962 721
963 722
964 723
965 724
966 725
967 726
968 727
969 728
970 729
971 730
973 731
974 732
975 733
977 734
978 735
979 736
980 737
981 738
982 739
983 740
984 741
985 742
987 743
988 744
989 745
990 746
991 747
994 748
995 749
996 750
998 751
999 752
1000 753
1001 754
1002 755
1003 756
1004 757
1005 758
1007 759
1009 760
1010 761
1012 762
1013 763
1015 764
1016 765
1017 766
1018 767
1019 768
1020 769
1021 770
1022 771
1023 772
1024 773
1025 774
1026 775
1027 776
1028 777
1029 778
1030 779
1031 780
1032 781
1033 782
1034 783
1035 784
1036 785
1038 786
1040 787
1041 788
1043 789
1044 790
1047 791
1050 792
1051 793
1052 794
1053 795
1054 796
1055 797
1056 798
1057 799
1058 800
1059 801
1060 802
1061 803
1062 804
1063 805
1064 806
1065 807
1066 808
1067 809
1068 810
1069 811
1071 812
1072 813
1073 814
1074 815
1075 816
1077 817
1078 818
1079 819
1080 820
1081 821
1082 822
1084 823
1086 824
1087 825
1088 826
1089 827
1092 828
1094 829
1095 830
1096 831
1097 832
1098 833
1099 834
1100 835
1101 836
1104 837
1105 838
1106 839
1107 840
1108 841
1109 842
1110 843
1111 844
1112 845
1113 846
1114 847
1115 848
1116 849
1117 850
1119 851
1120 852
1121 853
1124 854
1125 855
1127 856
1128 857
1129 858
1130 859
1131 860
1132 861
1133 862
1134 863
1135 864
1137 865
1138 866
1139 867
1140 868
1141 869
1142 870
1143 871
1145 872
1146 873
1147 874
1148 875
1149 876
1150 877
1151 878
1152 879
1155 880
1157 881
1158 882
1161 883
1164 884
1165 885
1170 886
1171 887
1172 888
1173 889
1175 890
1176 891
1177 892
1179 893
1180 894
1181 895
1182 896
1183 897
1184 898
1185 899
1186 900
1188 901
1191 902
1192 903
1193 904
1194 905
1195 906
1196 907
1197 908
1198 909
1199 910
1201 911
1202 912
1203 913
1204 914
1205 915
1206 916
1207 917
1209 918
1210 919
1211 920
1212 921
1213 922
1215 923
1216 924
1217 925
1218 926
1219 927
1220 928
1221 929
1223 930
1224 931
1225 932
1227 933
1228 934
1229 935
1230 936
1231 937
1232 938
1233 939
1234 940
1235 941
1237 942
1239 943
1241 944
1242 945
1243 946
1244 947
1245 948
1246 949
1248 950
1250 951
1252 952
1253 953
1254 954
1255 955
1256 956
1257 957
1258 958
1259 959
1260 960
1261 961
1262 962
1263 963
1264 964
1265 965
1266 966
1267 967
1268 968
1269 969
1271 970
1272 971
1273 972
1274 973
1275 974
1276 975
1277 976
1278 977
1279 978
1280 979
1281 980
1283 981
1284 982
1285 983
1286 984
1287 985
1288 986
1289 987
1290 988
1291 989
1292 990
1293 991
1294 992
1296 993
1297 994
1298 995
1299 996
1300 997
1301 998
1302 999
1303 1000
1304 1001
1306 1002
1308 1003
1311 1004
1312 1005
1314 1006
1315 1007
1317 1008
1320 1009
1321 1010
1322 1011
1323 1012
1324 1013
1325 1014
1327 1015
1328 1016
1329 1017
1330 1018
1331 1019
1333 1020
1334 1021
1335 1022
1337 1023
1338 1024
1339 1025
1340 1026
1341 1027
1343 1028
1345 1029
1347 1030
1348 1031
1349 1032
1350 1033
1352 1034
1354 1035
1355 1036
1356 1037
1357 1038
1358 1039
1359 1040
1360 1041
1361 1042
1362 1043
1363 1044
1364 1045
1365 1046
1366 1047
1367 1048
1368 1049
1369 1050
1370 1051
1371 1052
1373 1053
1374 1054
1375 1055
1376 1056
1377 1057
1378 1058
1380 1059
1381 1060
1382 1061
1383 1062
1386 1063
1387 1064
1388 1065
1389 1066
1390 1067
1391 1068
1392 1069
1393 1070
1395 1071
1396 1072
1399 1073
1400 1074
1401 1075
1402 1076
1403 1077
1404 1078
1407 1079
1408 1080
1409 1081
1410 1082
1411 1083
1413 1084
1414 1085
1415 1086
1418 1087
1420 1088
1421 1089
1422 1090
1423 1091
1425 1092
1426 1093
1427 1094
1428 1095
1430 1096
1433 1097
1434 1098
1436 1099
1437 1100
1438 1101
1440 1102
1441 1103
1442 1104
1443 1105
1446 1106
1447 1107
1448 1108
1449 1109
1451 1110
1455 1111
1457 1112
1458 1113
1459 1114
1461 1115
1463 1116
1465 1117
1466 1118
1467 1119
1468 1120
1469 1121
1470 1122
1472 1123
1473 1124
1474 1125
1475 1126
1476 1127
1477 1128
1478 1129
1479 1130
1481 1131
1483 1132
1484 1133
1489 1134
1490 1135
1491 1136
1492 1137
1494 1138
1495 1139
1496 1140
1497 1141
1498 1142
1499 1143
1500 1144
1501 1145
1502 1146
1503 1147
1505 1148
1506 1149
1507 1150
1509 1151
1511 1152
1513 1153
1514 1154
1516 1155
1517 1156
1518 1157
1519 1158
1521 1159
1522 1160
1523 1161
1524 1162
1525 1163
1526 1164
1528 1165
1530 1166
1532 1167
1533 1168
1535 1169
1536 1170
1538 1171
1539 1172
1541 1173
1542 1174
1543 1175
1544 1176
1545 1177
1546 1178
1547 1179
1548 1180
1551 1181
1552 1182
1553 1183
1555 1184
1556 1185
1557 1186
1558 1187
1560 1188
1561 1189
1563 1190
1567 1191
1569 1192
1570 1193
1571 1194
1574 1195
1575 1196
1576 1197
1577 1198
1578 1199
1579 1200
1583 1201
1584 1202
1585 1203
1586 1204
1587 1205
1588 1206
1589 1207
1590 1208
1591 1209
1592 1210
1593 1211
1594 1212
1595 1213
1597 1214
1598 1215
1599 1216
1600 1217
1601 1218
1602 1219
1603 1220
1605 1221
1606 1222
1607 1223
1609 1224
1611 1225
1613 1226
1616 1227
1617 1228
1618 1229
1619 1230
1620 1231
1623 1232
1624 1233
1626 1234
1628 1235
1629 1236
1631 1237
1632 1238
1634 1239
1635 1240
1636 1241
1637 1242
1638 1243
1639 1244
1641 1245
1642 1246
1643 1247
1645 1248
1646 1249
1647 1250
1648 1251
1649 1252
1650 1253
1654 1254
1655 1255
1657 1256
1658 1257
1660 1258
1663 1259
1665 1260
1666 1261
1667 1262
1670 1263
1671 1264
1672 1265
1673 1266
1675 1267
1676 1268
1677 1269
1678 1270
1679 1271
1680 1272
1681 1273
1682 1274
1683 1275
1684 1276
1685 1277
1687 1278
1688 1279
1689 1280
1690 1281
1691 1282
1692 1283
1693 1284
1694 1285
1695 1286
1696 1287
1697 1288
1698 1289
1699 1290
1700 1291
1701 1292
1702 1293
1704 1294
1705 1295
1706 1296
1707 1297
1709 1298
1710 1299
1712 1300
1714 1301
1715 1302
1716 1303
1717 1304
1718 1305
1722 1306
1723 1307
1724 1308
1726 1309
1727 1310
1728 1311
1731 1312
1732 1313
1733 1314
1734 1315
1736 1316
1737 1317
1738 1318
1739 1319
1740 1320
1741 1321
1743 1322
1744 1323
1746 1324
1748 1325
1749 1326
1751 1327
1752 1328
1753 1329
1755 1330
1757 1331
1758 1332
1759 1333
1760 1334
1762 1335
1764 1336
1765 1337
1767 1338
1768 1339
1771 1340
1773 1341
1775 1342
1776 1343
1777 1344
1778 1345
1779 1346
1780 1347
1781 1348
1785 1349
1786 1350
1789 1351
1790 1352
1791 1353
1792 1354
1793 1355
1794 1356
1795 1357
1796 1358
1797 1359
1798 1360
1799 1361
1800 1362
1802 1363
1803 1364
1804 1365
1805 1366
1806 1367
1807 1368
1810 1369
1812 1370
1814 1371
1816 1372
1817 1373
1819 1374
1820 1375
1822 1376
1823 1377
1824 1378
1825 1379
1826 1380
1827 1381
1828 1382
1830 1383
1831 1384
1832 1385
1833 1386
1834 1387
1835 1388
1836 1389
1837 1390
1839 1391
1841 1392
1842 1393
1843 1394
1845 1395
1846 1396
1847 1397
1850 1398
1851 1399
1853 1400
1856 1401
1857 1402
1858 1403
1860 1404
1861 1405
1862 1406
1863 1407
1865 1408
1866 1409
1869 1410
1870 1411
1871 1412
1873 1413
1875 1414
1877 1415
1878 1416
1879 1417
1880 1418
1881 1419
1882 1420
1883 1421
1884 1422
1885 1423
1887 1424
1889 1425
1890 1426
1891 1427
1894 1428
1895 1429
1896 1430
1897 1431
1899 1432
1901 1433
1902 1434
1903 1435
1904 1436
1905 1437
1908 1438
1909 1439
1910 1440
1912 1441
1913 1442
1916 1443
1917 1444
1920 1445
1922 1446
1923 1447
1924 1448
1925 1449
1926 1450
1928 1451
1930 1452
1931 1453
1932 1454
1937 1455
1938 1456
1939 1457
1940 1458
1941 1459
1943 1460
1944 1461
1946 1462
1947 1463
1948 1464
1949 1465
1950 1466
1951 1467
1952 1468
1953 1469
1954 1470
1956 1471
1957 1472
1958 1473
1959 1474
1960 1475
1961 1476
1962 1477
1963 1478
1966 1479
1968 1480
1969 1481
1970 1482
1971 1483
1972 1484
1973 1485
1974 1486
1975 1487
1976 1488
1978 1489
1980 1490
1981 1491
1982 1492
1983 1493
1984 1494
1985 1495
1986 1496
1987 1497
1988 1498
1990 1499
1991 1500
1994 1501
1995 1502
1996 1503
1997 1504
1998 1505
1999 1506
2000 1507
2001 1508
2002 1509
2003 1510
2004 1511
2005 1512
2006 1513
2007 1514
2008 1515
2009 1516
2010 1517
2011 1518
2012 1519
2013 1520
2014 1521
2015 1522
2016 1523
2017 1524
2018 1525
2020 1526
2021 1527
2022 1528
2023 1529
2024 1530
2025 1531
2026 1532
2027 1533
2029 1534
2030 1535
2031 1536
2032 1537
2034 1538
2035 1539
2036 1540
2038 1541
2039 1542
2041 1543
2042 1544
2044 1545
2046 1546
2047 1547
2048 1548
2049 1549
2050 1550
2051 1551
2054 1552
2055 1553
2056 1554
2057 1555
2059 1556
2060 1557
2062 1558
2063 1559
2064 1560
2065 1561
2067 1562
2068 1563
2069 1564
2070 1565
2071 1566
2072 1567
2073 1568
2074 1569
2076 1570
2077 1571
2078 1572
2079 1573
2080 1574
2082 1575
2083 1576
2084 1577
2085 1578
2088 1579
2090 1580
2091 1581
2092 1582
2093 1583
2094 1584
2096 1585
2097 1586
2098 1587
2100 1588
2101 1589
2102 1590
2103 1591
2105 1592
2106 1593
2107 1594
2108 1595
2109 1596
2110 1597
2113 1598
2114 1599
2115 1600
2116 1601
2117 1602
2118 1603
2119 1604
2120 1605
2121 1606
2122 1607
2123 1608
2124 1609
2125 1610
2127 1611
2129 1612
2131 1613
2134 1614
2136 1615
2137 1616
2138 1617
2139 1618
2140 1619
2141 1620
2142 1621
2145 1622
2146 1623
2147 1624
2148 1625
2149 1626
2153 1627
2154 1628
2155 1629
2156 1630
2157 1631
2158 1632
2159 1633
2160 1634
2161 1635
2162 1636
2163 1637
2164 1638
2165 1639
2166 1640
2167 1641
2168 1642
2170 1643
2171 1644
2172 1645
2173 1646
2174 1647
2175 1648
2176 1649
2177 1650
2178 1651
2179 1652
2180 1653
2181 1654
2185 1655
2186 1656
2187 1657
2188 1658
2190 1659
2192 1660
2193 1661
2195 1662
2196 1663
2197 1664
2198 1665
2199 1666
2201 1667
2202 1668
2203 1669
2205 1670
2206 1671
2208 1672
2211 1673
2212 1674
2214 1675
2215 1676
2219 1677
2220 1678
2221 1679
2222 1680
2223 1681
2224 1682
2225 1683
2226 1684
2227 1685
2228 1686
2230 1687
2231 1688
2232 1689
2233 1690
2235 1691
2236 1692
2237 1693
2238 1694
2239 1695
2240 1696
2241 1697
2242 1698
2243 1699
2244 1700
2246 1701
2247 1702
2248 1703
2249 1704
2250 1705
2251 1706
2253 1707
2254 1708
2255 1709
2256 1710
2258 1711
2259 1712
2261 1713
2262 1714
2263 1715
2264 1716
2265 1717
2266 1718
2270 1719
2271 1720
2272 1721
2273 1722
2274 1723
2275 1724
2276 1725
2278 1726
2279 1727
2280 1728
2281 1729
2282 1730
2284 1731
2285 1732
2286 1733
2287 1734
2288 1735
2289 1736
2293 1737
2294 1738
2297 1739
2301 1740
2302 1741
2303 1742
2304 1743
2306 1744
2307 1745
2308 1746
2309 1747
2310 1748
2311 1749
2313 1750
2316 1751
2317 1752
2321 1753
2323 1754
2324 1755
2326 1756
2330 1757
2331 1758
2332 1759
2333 1760
2334 1761
2335 1762
2337 1763
2338 1764
2339 1765
2340 1766
2342 1767
2343 1768
2344 1769
2346 1770
2348 1771
2350 1772
2351 1773
2353 1774
2354 1775
2355 1776
2359 1777
2362 1778
2363 1779
2364 1780
2365 1781
2367 1782
2368 1783
2369 1784
2370 1785
2371 1786
2372 1787
2374 1788
2376 1789
2378 1790
2379 1791
2380 1792
2382 1793
2383 1794
2384 1795
2386 1796
2387 1797
2389 1798
2390 1799
2391 1800
2392 1801
2393 1802
2394 1803
2395 1804
2396 1805
2397 1806
2398 1807
2401 1808
2402 1809
2403 1810
2404 1811
2405 1812
2406 1813
2407 1814
2408 1815
2409 1816
2410 1817
2411 1818
2414 1819
2416 1820
2417 1821
2419 1822
2420 1823
2421 1824
2423 1825
2424 1826
2425 1827
2427 1828
2428 1829
2429 1830
2430 1831
2431 1832
2432 1833
2435 1834
2436 1835
2437 1836
2438 1837
2441 1838
2444 1839
2445 1840
2446 1841
2447 1842
2448 1843
2451 1844
2452 1845
2453 1846
2454 1847
2455 1848
2456 1849
2457 1850
2458 1851
2459 1852
2460 1853
2461 1854
2462 1855
2465 1856
2466 1857
2467 1858
2468 1859
2469 1860
2472 1861
2474 1862
2475 1863
2476 1864
2477 1865
2478 1866
2480 1867
2481 1868
2483 1869
2484 1870
2485 1871
2486 1872
2491 1873
2492 1874
2493 1875
2496 1876
2497 1877
2498 1878
2499 1879
2501 1880
2503 1881
2504 1882
2505 1883
2506 1884
2507 1885
2510 1886
2511 1887
2513 1888
2514 1889
2515 1890
2518 1891
2519 1892
2520 1893
2521 1894
2522 1895
2523 1896
2526 1897
2527 1898
2528 1899
2529 1900
2532 1901
2533 1902
2534 1903
2535 1904
2537 1905
2540 1906
2541 1907
2543 1908
2544 1909
2545 1910
2547 1911
2550 1912
2552 1913
2554 1914
2555 1915
2557 1916
2559 1917
2560 1918
2561 1919
2562 1920
2564 1921
2565 1922
2566 1923
2567 1924
2570 1925
2571 1926
2572 1927
2573 1928
2574 1929
2575 1930
2576 1931
2578 1932
2579 1933
2580 1934
2581 1935
2582 1936
2583 1937
2586 1938
2587 1939
2589 1940
2590 1941
2592 1942
2593 1943
2595 1944
2599 1945
2600 1946
2603 1947
2604 1948
2605 1949
2606 1950
2607 1951
2608 1952
2609 1953
2611 1954
2614 1955
2615 1956
2617 1957
2619 1958
2620 1959
2621 1960
2623 1961
2624 1962
2625 1963
2627 1964
2628 1965
2629 1966
2630 1967
2631 1968
2634 1969
2636 1970
2638 1971
2639 1972
2641 1973
2642 1974
2643 1975
2645 1976
2647 1977
2648 1978
2649 1979
2650 1980
2652 1981
2654 1982
2656 1983
2659 1984
2663 1985
2664 1986
2665 1987
2666 1988
2669 1989
2670 1990
2674 1991
2676 1992
2677 1993
2678 1994
2679 1995
2680 1996
2681 1997
2682 1998
2683 1999
2684 2000
2685 2001
2687 2002
2688 2003
2689 2004
2691 2005
2692 2006
2693 2007
2694 2008
2695 2009
2697 2010
2698 2011
2699 2012
2700 2013
2701 2014
2703 2015
2704 2016
2705 2017
2712 2018
2715 2019
2718 2020
2719 2021
2721 2022
2723 2023
2724 2024
2726 2025
2727 2026
2729 2027
2730 2028
2731 2029
2732 2030
2733 2031
2734 2032
2736 2033
2737 2034
2738 2035
2740 2036
2741 2037
2743 2038
2745 2039
2746 2040
2747 2041
2748 2042
2749 2043
2750 2044
2751 2045
2752 2046
2753 2047
2754 2048
2755 2049
2756 2050
2757 2051
2760 2052
2761 2053
2762 2054
2764 2055
2765 2056
2766 2057
2768 2058
2769 2059
2770 2060
2771 2061
2772 2062
2773 2063
2774 2064
2775 2065
2776 2066
2777 2067
2778 2068
2779 2069
2781 2070
2782 2071
2783 2072
2784 2073
2786 2074
2787 2075
2788 2076
2789 2077
2790 2078
2791 2079
2793 2080
2794 2081
2795 2082
2796 2083
2798 2084
2799 2085
2800 2086
2801 2087
2802 2088
2803 2089
2804 2090
2805 2091
2806 2092
2807 2093
2808 2094
2809 2095
2810 2096
2811 2097
2812 2098
2814 2099
2817 2100
2818 2101
2820 2102
2821 2103
2822 2104
2824 2105
2825 2106
2826 2107
2828 2108
2831 2109
2832 2110
2833 2111
2835 2112
2837 2113
2838 2114
2840 2115
2841 2116
2844 2117
2845 2118
2846 2119
2847 2120
2848 2121
2849 2122
2852 2123
2853 2124
2854 2125
2855 2126
2857 2127
2858 2128
2859 2129
2860 2130
2862 2131
2863 2132
2865 2133
2866 2134
2867 2135
2868 2136
2872 2137
2873 2138
2874 2139
2875 2140
2876 2141
2878 2142
2880 2143
2881 2144
2882 2145
2884 2146
2885 2147
2886 2148
2887 2149
2888 2150
2889 2151
2890 2152
2892 2153
2894 2154
2895 2155
2896 2156
2897 2157
2898 2158
2899 2159
2900 2160
2901 2161
2903 2162
2904 2163
2905 2164
2907 2165
2909 2166
2910 2167
2911 2168
2913 2169
2914 2170
2915 2171
2916 2172
2917 2173
2918 2174
2919 2175
2921 2176
2922 2177
2924 2178
2926 2179
2927 2180
2928 2181
2929 2182
2931 2183
2933 2184
2934 2185
2935 2186
2936 2187
2937 2188
2938 2189
2939 2190
2941 2191
2942 2192
2943 2193
2944 2194
2945 2195
2946 2196
2947 2197
2948 2198
2949 2199
2950 2200
2951 2201
2952 2202
2953 2203
2954 2204
2955 2205
2957 2206
2959 2207
2960 2208
2961 2209
2962 2210
2963 2211
2964 2212
2966 2213
2967 2214
2968 2215
2969 2216
2970 2217
2971 2218
2972 2219
2974 2220
2975 2221
2976 2222
2978 2223
2979 2224
2980 2225
2981 2226
2983 2227
2985 2228
2986 2229
2987 2230
2989 2231
2990 2232
2991 2233
2992 2234
2993 2235
2994 2236
2995 2237
2996 2238
2997 2239
2998 2240
3000 2241
3001 2242
3002 2243
3003 2244
3004 2245
3005 2246
3006 2247
3007 2248
3010 2249
3011 2250
3012 2251
3013 2252
3014 2253
3015 2254
3016 2255
3017 2256
3018 2257
3019 2258
3020 2259
3024 2260
3025 2261
3026 2262
3027 2263
3028 2264
3029 2265
3031 2266
3032 2267
3033 2268
3034 2269
3035 2270
3036 2271
3037 2272
3038 2273
3039 2274
3041 2275
3042 2276
3044 2277
3045 2278
3046 2279
3047 2280
3048 2281
3049 2282
3050 2283
3051 2284
3052 2285
3053 2286
3054 2287
3055 2288
3056 2289
3057 2290
3058 2291
3059 2292
3061 2293
3063 2294
3064 2295
3065 2296
3066 2297
3067 2298
3069 2299
3072 2300
3073 2301
3074 2302
3075 2303
3077 2304
3078 2305
3079 2306
3080 2307
3081 2308
3082 2309
3083 2310
3084 2311
3085 2312
3086 2313
3087 2314
3088 2315
3089 2316
3090 2317
3092 2318
3093 2319
3095 2320
3096 2321
3097 2322
3098 2323
3099 2324
3100 2325
3101 2326
3103 2327
3104 2328
3105 2329
3106 2330
3107 2331
3108 2332
3109 2333
3110 2334
3111 2335
3112 2336
3114 2337
3117 2338
3118 2339
3119 2340
3120 2341
3121 2342
3123 2343
3125 2344
3126 2345
3127 2346
3128 2347
3129 2348
3130 2349
3131 2350
3134 2351
3135 2352
3136 2353
3137 2354
3138 2355
3139 2356
3140 2357
3141 2358
3142 2359
3145 2360
3147 2361
3148 2362
3150 2363
3151 2364
3153 2365
3154 2366
3155 2367
3157 2368
3158 2369
3159 2370
3161 2371
3162 2372
3163 2373
3165 2374
3166 2375
3167 2376
3169 2377
3170 2378
3171 2379
3172 2380
3173 2381
3174 2382
3175 2383
3177 2384
3178 2385
3180 2386
3181 2387
3182 2388
3184 2389
3185 2390
3186 2391
3187 2392
3189 2393
3190 2394
3191 2395
3192 2396
3193 2397
3195 2398
3196 2399
3197 2400
3198 2401
3200 2402
3201 2403
3202 2404
3203 2405
3204 2406
3205 2407
3207 2408
3208 2409
3209 2410
3210 2411
3211 2412
3213 2413
3214 2414
3216 2415
3217 2416
3219 2417
3220 2418
3221 2419
3224 2420
3226 2421
3227 2422
3228 2423
3229 2424
3230 2425
3231 2426
3233 2427
3235 2428
3237 2429
3238 2430
3239 2431
3240 2432
3241 2433
3242 2434
3243 2435
3246 2436
3248 2437
3249 2438
3250 2439
3251 2440
3253 2441
3256 2442
3257 2443
3258 2444
3259 2445
3260 2446
3261 2447
3262 2448
3263 2449
3265 2450
3266 2451
3267 2452
3268 2453
3269 2454
3270 2455
3271 2456
3272 2457
3274 2458
3277 2459
3278 2460
3280 2461
3281 2462
3282 2463
3283 2464
3284 2465
3285 2466
3286 2467
3287 2468
3289 2469
3290 2470
3292 2471
3294 2472
3295 2473
3296 2474
3297 2475
3298 2476
3299 2477
3300 2478
3301 2479
3302 2480
3303 2481
3304 2482
3305 2483
3306 2484
3308 2485
3309 2486
3310 2487
3311 2488
3312 2489
3313 2490
3314 2491
3315 2492
3316 2493
3317 2494
3318 2495
3319 2496
3320 2497
3321 2498
3322 2499
3323 2500
3324 2501
3327 2502
3328 2503
3329 2504
3331 2505
3332 2506
3333 2507
3334 2508
3336 2509
3337 2510
3338 2511
3339 2512
3340 2513
3341 2514
3343 2515
3344 2516
3346 2517
3347 2518
3349 2519
3350 2520
3352 2521
3353 2522
3356 2523
3357 2524
3358 2525
3359 2526
3361 2527
3363 2528
3364 2529
3365 2530
3367 2531
3368 2532
3370 2533
3371 2534
3372 2535
3373 2536
3374 2537
3377 2538
3378 2539
3379 2540
3380 2541
3383 2542
3384 2543
3386 2544
3387 2545
3389 2546
3390 2547
3391 2548
3393 2549
3394 2550
3395 2551
3397 2552
3399 2553
3400 2554
3401 2555
3402 2556
3403 2557
3405 2558
3406 2559
3408 2560
3409 2561
3410 2562
3411 2563
3412 2564
3413 2565
3414 2566
3415 2567
3416 2568
3417 2569
3418 2570
3419 2571
3420 2572
3421 2573
3422 2574
3423 2575
3424 2576
3425 2577
3426 2578
3428 2579
3430 2580
3431 2581
3432 2582
3433 2583
3434 2584
3435 2585
3436 2586
3437 2587
3438 2588
3439 2589
3440 2590
3441 2591
3442 2592
3444 2593
3445 2594
3446 2595
3447 2596
3449 2597
3450 2598
3451 2599
3452 2600
3453 2601
3454 2602
3456 2603
3457 2604
3458 2605
3460 2606
3461 2607
3462 2608
3463 2609
3464 2610
3465 2611
3466 2612
3467 2613
3468 2614
3469 2615
3470 2616
3471 2617
3472 2618
3473 2619
3474 2620
3475 2621
3476 2622
3477 2623
3478 2624
3479 2625
3480 2626
3481 2627
3482 2628
3483 2629
3484 2630
3485 2631
3486 2632
3487 2633
3489 2634
3490 2635
3491 2636
3492 2637
3493 2638
3497 2639
3498 2640
3499 2641
3500 2642
3501 2643
3502 2644
3503 2645
3504 2646
3505 2647
3506 2648
3507 2649
3508 2650
3509 2651
3510 2652
3511 2653
3512 2654
3513 2655
3514 2656
3515 2657
3516 2658
3517 2659
3518 2660
3519 2661
3520 2662
3521 2663
3522 2664
3524 2665
3526 2666
3528 2667
3531 2668
3532 2669
3533 2670
3534 2671
3536 2672
3538 2673
3539 2674
3540 2675
3541 2676
3543 2677
3544 2678
3546 2679
3547 2680
3549 2681
3550 2682
3551 2683
3553 2684
3556 2685
3557 2686
3558 2687
3559 2688
3560 2689
3561 2690
3562 2691
3563 2692
3565 2693
3567 2694
3568 2695
3569 2696
3571 2697
3572 2698
3574 2699
3576 2700
3577 2701
3578 2702
3579 2703
3580 2704
3582 2705
3583 2706
3585 2707
3586 2708
3587 2709
3588 2710
3589 2711
3590 2712
3591 2713
3592 2714
3593 2715
3594 2716
3596 2717
3597 2718
3599 2719
3600 2720
3601 2721
3603 2722
3604 2723
3605 2724
3606 2725
3607 2726
3608 2727
3609 2728
3610 2729
3611 2730
3612 2731
3613 2732
3614 2733
3615 2734
3617 2735
3618 2736
3619 2737
3620 2738
3621 2739
3622 2740
3624 2741
3625 2742
3626 2743
3629 2744
3630 2745
3635 2746
3638 2747
3640 2748
3641 2749
3643 2750
3644 2751
3645 2752
3646 2753
3648 2754
3649 2755
3650 2756
3651 2757
3652 2758
3653 2759
3654 2760
3655 2761
3657 2762
3658 2763
3659 2764
3660 2765
3661 2766
3662 2767
3663 2768
3664 2769
3665 2770
3666 2771
3667 2772
3668 2773
3669 2774
3671 2775
3672 2776
3673 2777
3674 2778
3675 2779
3676 2780
3677 2781
3678 2782
3679 2783
3680 2784
3681 2785
3682 2786
3683 2787
3684 2788
3685 2789
3686 2790
3687 2791
3688 2792
3689 2793
3691 2794
3692 2795
3693 2796
3694 2797
3695 2798
3696 2799
3697 2800
3698 2801
3699 2802
3700 2803
3701 2804
3702 2805
3703 2806
3704 2807
3705 2808
3706 2809
3707 2810
3709 2811
3710 2812
3711 2813
3712 2814
3713 2815
3715 2816
3716 2817
3717 2818
3718 2819
3719 2820
3720 2821
3721 2822
3723 2823
3724 2824
3726 2825
3727 2826
3728 2827
3729 2828
3731 2829
3732 2830
3733 2831
3735 2832
3736 2833
3737 2834
3738 2835
3740 2836
3741 2837
3742 2838
3744 2839
3745 2840
3746 2841
3747 2842
3749 2843
3751 2844
3752 2845
3753 2846
3754 2847
3755 2848
3756 2849
3757 2850
3759 2851
3760 2852
3761 2853
3762 2854
3763 2855
3764 2856
3768 2857
3769 2858
3770 2859
3771 2860
3772 2861
3773 2862
3774 2863
3775 2864
3777 2865
3778 2866
3779 2867
3780 2868
3781 2869
3782 2870
3784 2871
3786 2872
3789 2873
3790 2874
3791 2875
3792 2876
3793 2877
3795 2878
3796 2879
3799 2880
3801 2881
3804 2882
3805 2883
3806 2884
3807 2885
3808 2886
3809 2887
3810 2888
3811 2889
3813 2890
3815 2891
3816 2892
3818 2893
3819 2894
3820 2895
3821 2896
3822 2897
3823 2898
3824 2899
3825 2900
3827 2901
3829 2902
3830 2903
3831 2904
3832 2905
3833 2906
3834 2907
3835 2908
3836 2909
3837 2910
3839 2911
3840 2912
3841 2913
3842 2914
3844 2915
3845 2916
3846 2917
3848 2918
3850 2919
3852 2920
3853 2921
3854 2922
3855 2923
3856 2924
3857 2925
3858 2926
3859 2927
3860 2928
3861 2929
3862 2930
3864 2931
3866 2932
3867 2933
3868 2934
3872 2935
3873 2936
3874 2937
3875 2938
3876 2939
3877 2940
3878 2941
3881 2942
3882 2943
3884 2944
3885 2945
3886 2946
3887 2947
3888 2948
3889 2949
3890 2950
3891 2951
3892 2952
3894 2953
3898 2954
3900 2955
3902 2956
3903 2957
3904 2958
3905 2959
3907 2960
3908 2961
3909 2962
3910 2963
3912 2964
3913 2965
3914 2966
3916 2967
3917 2968
3919 2969
3920 2970
3921 2971
3923 2972
3924 2973
3925 2974
3926 2975
3927 2976
3929 2977
3930 2978
3931 2979
3932 2980
3934 2981
3935 2982
3936 2983
3937 2984
3938 2985
3940 2986
3942 2987
3943 2988
3945 2989
3946 2990
3947 2991
3948 2992
3949 2993
3951 2994
3952 2995
3953 2996
3955 2997
3956 2998
3957 2999
3958 3000
3960 3001
3961 3002
3963 3003
3965 3004
3966 3005
3967 3006
3968 3007
3970 3008
3971 3009
3973 3010
3974 3011
3975 3012
3976 3013
3978 3014
3979 3015
3981 3016
3982 3017
3985 3018
3986 3019
3988 3020
3989 3021
3990 3022
3991 3023
3992 3024
3993 3025
3994 3026
3995 3027
3996 3028
3997 3029
3998 3030
3999 3031
4000 3032
4001 3033
4002 3034
4004 3035
4005 3036
4006 3037
4007 3038
4009 3039
4011 3040
4012 3041
4013 3042
4014 3043
4015 3044
4016 3045
4018 3046
4020 3047
4021 3048
4022 3049
4023 3050
4024 3051
4026 3052
4027 3053
4028 3054
4029 3055
4030 3056
4031 3057
4032 3058
4033 3059
4034 3060
4035 3061
4036 3062
4037 3063
4039 3064
4040 3065
4041 3066
4042 3067
4043 3068
4044 3069
4047 3070
4048 3071
4049 3072
4050 3073
4052 3074
4053 3075
4054 3076
4055 3077
4058 3078
4060 3079
4062 3080
4063 3081
4064 3082
4067 3083
4069 3084
4070 3085
4071 3086
4072 3087
4074 3088
4076 3089
4077 3090
4078 3091
4079 3092
4080 3093
4081 3094
4082 3095
4083 3096
4084 3097
4085 3098
4086 3099
4088 3100
4089 3101
4090 3102
4091 3103
4092 3104
4093 3105
4094 3106
4095 3107
4096 3108
4098 3109
4099 3110
4101 3111
4102 3112
4103 3113
4104 3114
4107 3115
4108 3116
4110 3117
4112 3118
4114 3119
4115 3120
4116 3121
4117 3122
4118 3123
4119 3124
4121 3125
4122 3126
4123 3127
4124 3128
4126 3129
4127 3130
4128 3131
4129 3132
4130 3133
4131 3134
4132 3135
4133 3136
4134 3137
4135 3138
4136 3139
4137 3140
4138 3141
4139 3142
4140 3143
4141 3144
4143 3145
4144 3146
4147 3147
4148 3148
4150 3149
4152 3150
4153 3151
4154 3152
4155 3153
4156 3154
4160 3155
4161 3156
4162 3157
4164 3158
4165 3159
4167 3160
4168 3161
4169 3162
4170 3163
4171 3164
4172 3165
4173 3166
4174 3167
4175 3168
4176 3169
4177 3170
4179 3171
4181 3172
4182 3173
4183 3174
4186 3175
4187 3176
4189 3177
4190 3178
4193 3179
4194 3180
4195 3181
4197 3182
4198 3183
4199 3184
4200 3185
4201 3186
4203 3187
4204 3188
4205 3189
4206 3190
4207 3191
4208 3192
4210 3193
4212 3194
4213 3195
4215 3196
4216 3197
4217 3198
4218 3199
4219 3200
4220 3201
4221 3202
4222 3203
4223 3204
4224 3205
4225 3206
4226 3207
4227 3208
4229 3209
4231 3210
4232 3211
4233 3212
4234 3213
4235 3214
4236 3215
4237 3216
4238 3217
4239 3218
4240 3219
4241 3220
4242 3221
4243 3222
4245 3223
4246 3224
4248 3225
4249 3226
4250 3227
4252 3228
4253 3229
4254 3230
4255 3231
4257 3232
4258 3233
4260 3234
4261 3235
4265 3236
4268 3237
4269 3238
4271 3239
4272 3240
4273 3241
4277 3242
4279 3243
4280 3244
4281 3245
4283 3246
4285 3247
4286 3248
4287 3249
4289 3250
4290 3251
4291 3252
4292 3253
4293 3254
4294 3255
4296 3256
4297 3257
4298 3258
4299 3259
4301 3260
4302 3261
4303 3262
4304 3263
4305 3264
4306 3265
4308 3266
4309 3267
4310 3268
4312 3269
4313 3270
4315 3271
4317 3272
4318 3273
4319 3274
4320 3275
4321 3276
4322 3277
4323 3278
4324 3279
4326 3280
4327 3281
4328 3282
4329 3283
4333 3284
4334 3285
4335 3286
4336 3287
4337 3288
4339 3289
4342 3290
4343 3291
4344 3292
4345 3293
4346 3294
4347 3295
4350 3296
4351 3297
4352 3298
4353 3299
4354 3300
4355 3301
4356 3302
4357 3303
4358 3304
4359 3305
4361 3306
4362 3307
4363 3308
4364 3309
4367 3310
4368 3311
4370 3312
4371 3313
4373 3314
4374 3315
4375 3316
4376 3317
4377 3318
4379 3319
4380 3320
4381 3321
4384 3322
4386 3323
4387 3324
4388 3325
4389 3326
4390 3327
4397 3328
4401 3329
4403 3330
4404 3331
4405 3332
4406 3333
4407 3334
4408 3335
4409 3336
4411 3337
4412 3338
4414 3339
4415 3340
4416 3341
4417 3342
4418 3343
4420 3344
4422 3345
4423 3346
4424 3347
4425 3348
4427 3349
4428 3350
4429 3351
4430 3352
4431 3353
4432 3354
4433 3355
4436 3356
4437 3357
4438 3358
4440 3359
4444 3360
4445 3361
4446 3362
4447 3363
4448 3364
4449 3365
4451 3366
4452 3367
4454 3368
4456 3369
4457 3370
4458 3371
4459 3372
4460 3373
4461 3374
4465 3375
4466 3376
4467 3377
4468 3378
4469 3379
4470 3380
4471 3381
4472 3382
4473 3383
4474 3384
4475 3385
4476 3386
4477 3387
4478 3388
4480 3389
4482 3390
4483 3391
4484 3392
4485 3393
4487 3394
4488 3395
4489 3396
4490 3397
4491 3398
4493 3399
4494 3400
4495 3401
4496 3402
4497 3403
4498 3404
4499 3405
4501 3406
4502 3407
4503 3408
4504 3409
4505 3410
4506 3411
4507 3412
4508 3413
4509 3414
4510 3415
4511 3416
4512 3417
4514 3418
4515 3419
4516 3420
4517 3421
4518 3422
4519 3423
4520 3424
4521 3425
4522 3426
4523 3427
4524 3428
4526 3429
4529 3430
4531 3431
4532 3432
4533 3433
4534 3434
4535 3435
4536 3436
4538 3437
4540 3438
4541 3439
4543 3440
4544 3441
4545 3442
4546 3443
4551 3444
4552 3445
4555 3446
4556 3447
4557 3448
4559 3449
4560 3450
4561 3451
4562 3452
4563 3453
4565 3454
4566 3455
4567 3456
4568 3457
4569 3458
4571 3459
4572 3460
4573 3461
4574 3462
4575 3463
4578 3464
4579 3465
4580 3466
4581 3467
4582 3468
4584 3469
4585 3470
4586 3471
4588 3472
4589 3473
4591 3474
4592 3475
4593 3476
4594 3477
4595 3478
4596 3479
4598 3480
4599 3481
4600 3482
4601 3483
4602 3484
4604 3485
4605 3486
4607 3487
4608 3488
4609 3489
4610 3490
4611 3491
4613 3492
4615 3493
4616 3494
4619 3495
4620 3496
4621 3497
4623 3498
4624 3499
4625 3500
4626 3501
4627 3502
4631 3503
4632 3504
4633 3505
4634 3506
4635 3507
4637 3508
4639 3509
4640 3510
4641 3511
4642 3512
4643 3513
4644 3514
4645 3515
4647 3516
4649 3517
4652 3518
4653 3519
4654 3520
4655 3521
4656 3522
4657 3523
4658 3524
4659 3525
4660 3526
4661 3527
4663 3528
4664 3529
4666 3530
4667 3531
4668 3532
4670 3533
4671 3534
4673 3535
4674 3536
4675 3537
4676 3538
4678 3539
4680 3540
4681 3541
4682 3542
4683 3543
4685 3544
4686 3545
4687 3546
4688 3547
4689 3548
4690 3549
4691 3550
4693 3551
4694 3552
4697 3553
4700 3554
4701 3555
4702 3556
4705 3557
4706 3558
4708 3559
4709 3560
4710 3561
4711 3562
4713 3563
4714 3564
4715 3565
4716 3566
4717 3567
4718 3568
4719 3569
4720 3570
4721 3571
4723 3572
4725 3573
4726 3574
4728 3575
4729 3576
4731 3577
4732 3578
4733 3579
4734 3580
4735 3581
4736 3582
4737 3583
4738 3584
4739 3585
4740 3586
4741 3587
4742 3588
4743 3589
4744 3590
4745 3591
4746 3592
4747 3593
4748 3594
4750 3595
4751 3596
4753 3597
4754 3598
4755 3599
4757 3600
4759 3601
4761 3602
4762 3603
4763 3604
4764 3605
4765 3606
4768 3607
4769 3608
4771 3609
4772 3610
4773 3611
4774 3612
4776 3613
4777 3614
4778 3615
4779 3616
4780 3617
4781 3618
4782 3619
4783 3620
4784 3621
4785 3622
4786 3623
4788 3624
4789 3625
4790 3626
4791 3627
4793 3628
4794 3629
4795 3630
4796 3631
4797 3632
4798 3633
4799 3634
4800 3635
4801 3636
4802 3637
4806 3638
4807 3639
4808 3640
4809 3641
4810 3642
4811 3643
4812 3644
4813 3645
4814 3646
4815 3647
4816 3648
4817 3649
4818 3650
4819 3651
4821 3652
4823 3653
4824 3654
4825 3655
4826 3656
4828 3657
4829 3658
4830 3659
4831 3660
4832 3661
4833 3662
4834 3663
4835 3664
4836 3665
4837 3666
4840 3667
4842 3668
4843 3669
4845 3670
4847 3671
4848 3672
4849 3673
4850 3674
4852 3675
4853 3676
4854 3677
4855 3678
4856 3679
4858 3680
4859 3681
4860 3682
4861 3683
4862 3684
4864 3685
4865 3686
4866 3687
4867 3688
4868 3689
4869 3690
4873 3691
4874 3692
4875 3693
4877 3694
4879 3695
4882 3696
4884 3697
4885 3698
4886 3699
4887 3700
4888 3701
4889 3702
4890 3703
4893 3704
4894 3705
4895 3706
4896 3707
4897 3708
4898 3709
4899 3710
4900 3711
4901 3712
4902 3713
4903 3714
4904 3715
4906 3716
4907 3717
4908 3718
4909 3719
4913 3720
4914 3721
4915 3722
4917 3723
4918 3724
4919 3725
4920 3726
4921 3727
4922 3728
4923 3729
4924 3730
4925 3731
4927 3732
4928 3733
4929 3734
4930 3735
4931 3736
4932 3737
4933 3738
4934 3739
4936 3740
4937 3741
4939 3742
4940 3743
4942 3744
4944 3745
4945 3746
4946 3747
4947 3748
4948 3749
4949 3750
4950 3751
4951 3752
4952 3753
4953 3754
4954 3755
4956 3756
4957 3757
4958 3758
4959 3759
4960 3760
4961 3761
4962 3762
4963 3763
4964 3764
4966 3765
4967 3766
4968 3767
4970 3768
4972 3769
4973 3770
4975 3771
4976 3772
4977 3773
4978 3774
4979 3775
4980 3776
4981 3777
4982 3778
4983 3779
4984 3780
4985 3781
4986 3782
4989 3783
4990 3784
4993 3785
4994 3786
4995 3787
4996 3788
4998 3789
4999 3790
5000 3791
5001 3792
5002 3793
5003 3794
5004 3795
5005 3796
5006 3797
5007 3798
5008 3799
5009 3800
5010 3801
5011 3802
5013 3803
5014 3804
5015 3805
5016 3806
5017 3807
5018 3808
5019 3809
5020 3810
5021 3811
5022 3812
5023 3813
5024 3814
5025 3815
5026 3816
5029 3817
5031 3818
5032 3819
5033 3820
5034 3821
5035 3822
5037 3823
5038 3824
5039 3825
5040 3826
5041 3827
5042 3828
5044 3829
5046 3830
5047 3831
5048 3832
5049 3833
5050 3834
5051 3835
5053 3836
5054 3837
5055 3838
5056 3839
5058 3840
5059 3841
5060 3842
5061 3843
5063 3844
5064 3845
5065 3846
5066 3847
5067 3848
5069 3849
5070 3850
5071 3851
5072 3852
5073 3853
5074 3854
5075 3855
5077 3856
5078 3857
5080 3858
5081 3859
5082 3860
5083 3861
5084 3862
5085 3863
5086 3864
5087 3865
5088 3866
5089 3867
5090 3868
5091 3869
5092 3870
5093 3871
5094 3872
5095 3873
5096 3874
5097 3875
5098 3876
5099 3877
5100 3878
5102 3879
5103 3880
5104 3881
5106 3882
5107 3883
5108 3884
5109 3885
5110 3886
5111 3887
5112 3888
5113 3889
5114 3890
5115 3891
5116 3892
5118 3893
5120 3894
5121 3895
5122 3896
5124 3897
5125 3898
5126 3899
5128 3900
5129 3901
5130 3902
5131 3903
5132 3904
5133 3905
5134 3906
5135 3907
5136 3908
5137 3909
5138 3910
5139 3911
5140 3912
5141 3913
5142 3914
5143 3915
5148 3916
5151 3917
5153 3918
5154 3919
5156 3920
5157 3921
5158 3922
5160 3923
5161 3924
5163 3925
5164 3926
5165 3927
5166 3928
5167 3929
5168 3930
5169 3931
5170 3932
5172 3933
5173 3934
5175 3935
5177 3936
5178 3937
5179 3938
5180 3939
5181 3940
5182 3941
5183 3942
5184 3943
5186 3944
5187 3945
5188 3946
5193 3947
5195 3948
5197 3949
5198 3950
5200 3951
5203 3952
5204 3953
5205 3954
5208 3955
5209 3956
5211 3957
5212 3958
5215 3959
5217 3960
5218 3961
5219 3962
5220 3963
5221 3964
5222 3965
5223 3966
5225 3967
5226 3968
5227 3969
5229 3970
5230 3971
5231 3972
5232 3973
5233 3974
5234 3975
5235 3976
5236 3977
5239 3978
5240 3979
5241 3980
5242 3981
5244 3982
5245 3983
5246 3984
5248 3985
5249 3986
5250 3987
5251 3988
5252 3989
5253 3990
5254 3991
5255 3992
5256 3993
5257 3994
5259 3995
5260 3996
5261 3997
5263 3998
5264 3999
5265 4000
5267 4001
5268 4002
5269 4003
5270 4004
5271 4005
5272 4006
5273 4007
5275 4008
5277 4009
5278 4010
5281 4011
5282 4012
5283 4013
5284 4014
5286 4015
5287 4016
5289 4017
5290 4018
5291 4019
5292 4020
5293 4021
5294 4022
5296 4023
5297 4024
5298 4025
5300 4026
5301 4027
5302 4028
5303 4029
5305 4030
5306 4031
5307 4032
5310 4033
5311 4034
5312 4035
5313 4036
5315 4037
5316 4038
5317 4039
5318 4040
5319 4041
5321 4042
5322 4043
5323 4044
5324 4045
5325 4046
5327 4047
5328 4048
5329 4049
5331 4050
5332 4051
5333 4052
5335 4053
5336 4054
5337 4055
5338 4056
5339 4057
5340 4058
5341 4059
5342 4060
5343 4061
5344 4062
5345 4063
5346 4064
5347 4065
5349 4066
5350 4067
5352 4068
5353 4069
5355 4070
5357 4071
5358 4072
5359 4073
5361 4074
5362 4075
5363 4076
5364 4077
5365 4078
5366 4079
5367 4080
5368 4081
5369 4082
5371 4083
5372 4084
5373 4085
5375 4086
5376 4087
5378 4088
5379 4089
5382 4090
5383 4091
5384 4092
5385 4093
5386 4094
5387 4095
5389 4096
5390 4097
5393 4098
5394 4099
5395 4100
5396 4101
5397 4102
5398 4103
5399 4104
5401 4105
5403 4106
5404 4107
5405 4108
5406 4109
5407 4110
5408 4111
5412 4112
5413 4113
5414 4114
5415 4115
5416 4116
5418 4117
5419 4118
5421 4119
5422 4120
5423 4121
5424 4122
5425 4123
5426 4124
5427 4125
5428 4126
5429 4127
5430 4128
5431 4129
5432 4130
5433 4131
5434 4132
5435 4133
5437 4134
5438 4135
5440 4136
5441 4137
5442 4138
5443 4139
5445 4140
5446 4141
5447 4142
5448 4143
5449 4144
5450 4145
5451 4146
5452 4147
5453 4148
5454 4149
5455 4150
5457 4151
5458 4152
5459 4153
5460 4154
5461 4155
5462 4156
5463 4157
5464 4158
5466 4159
5468 4160
5469 4161
5470 4162
5471 4163
5472 4164
5473 4165
5475 4166
5476 4167
5479 4168
5480 4169
5482 4170
5483 4171
5484 4172
5485 4173
5486 4174
5487 4175
5488 4176
5489 4177
5491 4178
5492 4179
5493 4180
5494 4181
5496 4182
5497 4183
5498 4184
5499 4185
5500 4186
5501 4187
5502 4188
5503 4189
5504 4190
5505 4191
5506 4192
5508 4193
5509 4194
5510 4195
5511 4196
5512 4197
5513 4198
5514 4199
5515 4200
5516 4201
5517 4202
5518 4203
5519 4204
5520 4205
5521 4206
5522 4207
5523 4208
5524 4209
5526 4210
5528 4211
5529 4212
5530 4213
5531 4214
5532 4215
5534 4216
5535 4217
5536 4218
5537 4219
5538 4220
5539 4221
5540 4222
5542 4223
5543 4224
5544 4225
5545 4226
5547 4227
5548 4228
5550 4229
5553 4230
5554 4231
5555 4232
5556 4233
5557 4234
5558 4235
5559 4236
5560 4237
5561 4238
5565 4239
5566 4240
5567 4241
5568 4242
5569 4243
5570 4244
5572 4245
5573 4246
5574 4247
5575 4248
5576 4249
5578 4250
5579 4251
5580 4252
5581 4253
5582 4254
5583 4255
5584 4256
5585 4257
5587 4258
5588 4259
5589 4260
5590 4261
5591 4262
5592 4263
5593 4264
5594 4265
5595 4266
5596 4267
5597 4268
5598 4269
5599 4270
5600 4271
5601 4272
5602 4273
5603 4274
5604 4275
5605 4276
5607 4277
5609 4278
5610 4279
5611 4280
5613 4281
5614 4282
5615 4283
5616 4284
5617 4285
5618 4286
5619 4287
5620 4288
5621 4289
5622 4290
5623 4291
5624 4292
5625 4293
5626 4294
5627 4295
5629 4296
5630 4297
5631 4298
5632 4299
5634 4300
5636 4301
5637 4302
5638 4303
5639 4304
5641 4305
5642 4306
5643 4307
5644 4308
5645 4309
5646 4310
5647 4311
5648 4312
5649 4313
5650 4314
5651 4315
5652 4316
5653 4317
5654 4318
5655 4319
5657 4320
5658 4321
5659 4322
5661 4323
5662 4324
5663 4325
5664 4326
5665 4327
5667 4328
5668 4329
5670 4330
5671 4331
5674 4332
5675 4333
5676 4334
5677 4335
5678 4336
5679 4337
5680 4338
5681 4339
5682 4340
5683 4341
5684 4342
5687 4343
5688 4344
5689 4345
5690 4346
5691 4347
5692 4348
5693 4349
5696 4350
5697 4351
5698 4352
5699 4353
5700 4354
5701 4355
5702 4356
5703 4357
5704 4358
5705 4359
5706 4360
5707 4361
5708 4362
5709 4363
5710 4364
5712 4365
5714 4366
5715 4367
5716 4368
5717 4369
5718 4370
5720 4371
5721 4372
5722 4373
5723 4374
5724 4375
5726 4376
5728 4377
5729 4378
5730 4379
5731 4380
5733 4381
5734 4382
5735 4383
5736 4384
5737 4385
5738 4386
5739 4387
5742 4388
5743 4389
5744 4390
5745 4391
5746 4392
5747 4393
5748 4394
5749 4395
5750 4396
5751 4397
5752 4398
5753 4399
5754 4400
5755 4401
5756 4402
5757 4403
5758 4404
5759 4405
5761 4406
5762 4407
5763 4408
5764 4409
5765 4410
5766 4411
5767 4412
5768 4413
5769 4414
5770 4415
5771 4416
5774 4417
5775 4418
5776 4419
5777 4420
5778 4421
5779 4422
5780 4423
5782 4424
5783 4425
5785 4426
5786 4427
5787 4428
5788 4429
5790 4430
5791 4431
5792 4432
5793 4433
5794 4434
5795 4435
5797 4436
5798 4437
5801 4438
5802 4439
5803 4440
5805 4441
5806 4442
5807 4443
5808 4444
5809 4445
5811 4446
5812 4447
5813 4448
5814 4449
5815 4450
5821 4451
5823 4452
5824 4453
5825 4454
5826 4455
5827 4456
5829 4457
5830 4458
5831 4459
5832 4460
5833 4461
5837 4462
5838 4463
5839 4464
5840 4465
5841 4466
5842 4467
5843 4468
5844 4469
5845 4470
5846 4471
5847 4472
5848 4473
5849 4474
5851 4475
5852 4476
5853 4477
5854 4478
5855 4479
5856 4480
5857 4481
5858 4482
5859 4483
5860 4484
5861 4485
5862 4486
5864 4487
5865 4488
5866 4489
5868 4490
5869 4491
5870 4492
5871 4493
5872 4494
5873 4495
5874 4496
5875 4497
5878 4498
5879 4499
5880 4500
5881 4501
5882 4502
5884 4503
5885 4504
5886 4505
5887 4506
5888 4507
5889 4508
5890 4509
5891 4510
5892 4511
5893 4512
5894 4513
5895 4514
5897 4515
5900 4516
5902 4517
5903 4518
5905 4519
5906 4520
5907 4521
5908 4522
5910 4523
5911 4524
5912 4525
5913 4526
5914 4527
5915 4528
5916 4529
5917 4530
5918 4531
5920 4532
5922 4533
5923 4534
5924 4535
5925 4536
5927 4537
5929 4538
5930 4539
5931 4540
5933 4541
5936 4542
5937 4543
5938 4544
5939 4545
5942 4546
5943 4547
5945 4548
5946 4549
5947 4550
5948 4551
5949 4552
5950 4553
5951 4554
5952 4555
5953 4556
5954 4557
5955 4558
5956 4559
5957 4560
5958 4561
5960 4562
5961 4563
5962 4564
5963 4565
5964 4566
5965 4567
5968 4568
5969 4569
5970 4570
5971 4571
5972 4572
5973 4573
5974 4574
5975 4575
5976 4576
5977 4577
5978 4578
5980 4579
5981 4580
5982 4581
5983 4582
5984 4583
5985 4584
5986 4585
5987 4586
5989 4587
5990 4588
5991 4589
5992 4590
5994 4591
5995 4592
5996 4593
5997 4594
5999 4595
6000 4596
6001 4597
6002 4598
6003 4599
6006 4600
6007 4601
6010 4602
6011 4603
6013 4604
6014 4605
6015 4606
6016 4607
6018 4608
6020 4609
6021 4610
6022 4611
6023 4612
6024 4613
6025 4614
6026 4615
6027 4616
6029 4617
6030 4618
6031 4619
6032 4620
6033 4621
6035 4622
6036 4623
6037 4624
6039 4625
6040 4626
