org_id remap_id
1193 0
2355 1
1287 2
2804 3
595 4
1035 5
3105 6
1270 7
527 8
48 9
1836 10
1022 11
150 12
1 13
1961 14
1028 15
1029 16
2028 17
1357 18
2268 19
3468 20
3578 21
1610 22
2236 23
1259 24
3147 25
1293 26
110 27
3471 28
1945 29
1225 30
515 31
480 32
2067 33
1370 34
590 35
1196 36
593 37
1954 38
1124 39
1957 40
380 41
2501 42
920 43
2002 44
1962 45
1784 46
318 47
356 48
1246 49
1247 50
1079 51
1615 52
2167 53
260 54
1266 55
733 56
1197 57
1198 58
1378 59
3552 60
1304 61
3671 62
1136 63
1175 64
2337 65
1250 66
2997 67
1046 68
50 69
1192 70
3083 71
2427 72
2571 73
3163 74
2291 75
1213 76
2599 77
1089 78
913 79
1732 80
2395 81
994 82
29 83
2406 84
1688 85
3501 86
3074 87
597 88
3604 89
3536 90
3753 91
1947 92
2966 93
1088 94
199 95
914 96
3408 97
1380 98
2916 99
589 100
2353 101
1997 102
457 103
474 104
3256 105
349 106
288 107
1393 108
296 109
2858 110
1265 111
58 112
1916 113
163 114
1411 115
524 116
1274 117
741 118
1704 119
1639 120
608 121
465 122
253 123
3107 124
1721 125
908 126
1653 127
111 128
337 129
3265 130
3267 131
2396 132
25 133
562 134
2329 135
1673 136
1678 137
2692 138
2699 139
47 140
529 141
1923 142
1584 143
2890 144
778 145
2324 146
2622 147
3358 148
1682 149
2125 150
1253 151
720 152
1257 153
1831 154
3363 155
587 156
2 157
802 158
1409 159
1339 160
1269 161
2640 162
594 163
3447 164
2140 165
1271 166
1278 167
745 168
3451 169
316 170
2081 171
1282 172
1356 173
2087 174
1286 175
3466 176
2300 177
2302 178
329 179
3108 180
2161 181
3037 182
902 183
830 184
1291 185
1292 186
2096 187
2746 188
1009 189
2312 190
339 191
1441 192
2174 193
915 194
916 195
918 196
919 197
1016 198
1959 199
2252 200
780 201
2762 202
1023 203
2693 204
1967 205
32 206
282 207
357 208
2407 209
2336 210
2193 211
2918 212
1042 213
2423 214
2424 215
3155 216
3087 217
953 218
954 219
3809 220
3591 221
2797 222
1059 223
2431 224
62 225
2436 226
3097 227
2000 228
1200 229
3675 230
539 231
3175 232
1573 233
971 234
3751 235
2012 236
2015 237
1073 238
541 239
1148 240
1580 241
1654 242
3259 243
1223 244
1080 245
3699 246
2398 247
2100 248
1302 249
2105 250
2108 251
1307 252
1097 253
2470 254
3347 255
2115 256
1240 257
2043 258
1243 259
2580 260
1358 261
2795 262
104 263
2959 264
543 265
481 266
2109 267
3418 268
421 269
1204 270
1179 271
1185 272
3503 273
1408 274
300 275
235 276
162 277
2657 278
247 279
750 280
1284 281
2662 282
2664 283
3114 284
2173 285
1376 286
1019 287
2321 288
1527 289
924 290
3703 291
30 292
428 293
34 294
866 295
293 296
3070 297
1614 298
3148 299
1617 300
446 301
1206 302
2377 303
2011 304
1214 305
1077 306
2021 307
1301 308
3417 309
1748 310
2985 311
2987 312
2989 313
1683 314
3793 315
2993 316
1907 317
588 318
2137 319
2139 320
302 321
2141 322
2143 323
1275 324
2080 325
2083 326
2739 327
3396 328
3397 329
3398 330
3034 331
2090 332
1873 333
3479 334
10 335
261 336
262 337
412 338
2686 339
3633 340
3635 341
1960 342
3639 343
1968 344
353 345
364 346
2005 347
969 348
2872 349
1207 350
2947 351
2948 352
531 353
2370 354
1643 355
1210 356
1215 357
2019 358
616 359
2020 360
551 361
3260 362
1234 363
1242 364
2991 365
1258 366
1188 367
223 368
1261 369
3510 370
2717 371
1918 372
165 373
2078 374
1374 375
3624 376
1387 377
2841 378
1036 379
1982 380
3082 381
2860 382
1994 383
2001 384
1219 385
1220 386
2394 387
2976 388
1249 389
1690 390
2712 391
3032 392
911 393
3052 394
2901 395
858 396
3638 397
2917 398
3576 399
377 400
1127 401
3740 402
610 403
1218 404
2527 405
1222 406
3770 407
1306 408
2617 409
2132 410
1263 411
3448 412
1288 413
1296 414
912 415
1958 416
1221 417
1230 418
2628 419
2709 420
2716 421
2676 422
1372 423
3156 424
2502 425
1205 426
3360 427
5 428
2146 429
3526 430
3543 431
1876 432
2243 433
2262 434
1394 435
45 436
511 437
3152 438
2352 439
454 440
3308 441
2447 442
2528 443
3261 444
3263 445
3194 446
2469 447
2541 448
207 449
1248 450
1252 451
1254 452
3435 453
3364 454
1262 455
1267 456
1276 457
3469 458
3030 459
905 460
1294 461
910 462
923 463
2186 464
926 465
930 466
947 467
951 468
3730 469
955 470
898 471
3683 472
1237 473
1285 474
3527 475
1799 476
3702 477
3726 478
2944 479
2529 480
3836 481
3405 482
648 483
3507 484
3028 485
1937 486
3039 487
2747 488
933 489
3088 490
1125 491
2366 492
3096 493
2371 494
1189 495
2565 496
1333 497
2644 498
3019 499
1343 500
678 501
3386 502
1955 503
1956 504
1885 505
345 506
2183 507
3498 508
2194 509
3072 510
949 511
1635 512
1201 513
2871 514
3682 515
1729 516
1300 517
3844 518
1674 519
1680 520
2485 521
3361 522
2133 523
2710 524
2144 525
2145 526
3033 527
2671 528
17 529
2248 530
2261 531
441 532
2791 533
2794 534
2375 535
2888 536
497 537
3871 538
1264 539
1283 540
2731 541
2732 542
2303 543
1964 544
1103 545
2932 546
3091 547
1217 548
3424 549
1827 550
3359 551
2700 552
3504 553
3505 554
2706 555
1909 556
3298 557
229 558
6 559
2064 560
592 561
1912 562
232 563
233 564
3952 565
1272 566
2722 567
246 568
3101 569
1299 570
198 571
3623 572
3480 573
2683 574
2687 575
21 576
785 577
1963 578
3060 579
2334 580
1608 581
1396 582
1101 583
3213 584
449 585
2294 586
1569 587
1208 588
3176 589
1078 590
3253 591
2967 592
555 593
556 594
1805 595
2973 596
1090 597
3785 598
1172 599
252 600
3159 601
899 602
605 603
708 604
1183 605
249 606
2442 607
1060 608
2202 609
2287 610
2430 611
1085 612
1429 613
2311 614
24 615
3927 616
3362 617
596 618
2077 619
3044 620
2846 621
3168 622
3755 623
2018 624
1235 625
1821 626
3284 627
1835 628
11 629
2245 630
39 631
289 632
2779 633
46 634
440 635
2369 636
3099 637
3269 638
1327 639
1407 640
1347 641
2160 642
2338 643
1974 644
366 645
1983 646
1717 647
1644 648
3273 649
3142 650
3404 651
2863 652
2946 653
2908 654
3948 655
2763 656
3916 657
1177 658
3930 659
3932 660
1321 661
1184 662
1186 663
581 664
2138 665
1190 666
661 667
1199 668
1277 669
1279 670
674 671
1350 672
1425 673
1280 674
3897 675
2088 676
901 677
2165 678
1290 679
903 680
904 681
1365 682
832 683
1295 684
2313 685
1513 686
2253 687
922 688
3067 689
1391 690
1392 691
1466 692
799 693
2413 694
1611 695
2273 696
1619 697
3078 698
2349 699
2278 700
3153 701
1625 702
1480 703
1554 704
950 705
2288 706
3307 707
2363 708
3095 709
968 710
3174 711
3249 712
3179 713
2459 714
2389 715
1589 716
1660 717
3266 718
3196 719
2467 720
123 721
3198 722
1810 723
3342 724
2542 725
1754 726
1687 727
2490 728
2639 729
222 730
1769 731
2718 732
1845 733
2575 734
230 735
307 736
164 737
2723 738
1921 739
2581 740
2728 741
319 742
322 743
326 744
188 745
3476 746
1946 747
190 748
16 749
3550 750
2750 751
1950 752
1952 753
272 754
3708 755
2761 756
3565 757
3499 758
280 759
281 760
3571 761
1031 762
1032 763
2919 764
506 765
509 766
290 767
3654 768
1041 769
2789 770
448 771
3668 772
1129 773
1057 774
456 775
1130 776
3747 777
1061 778
532 779
538 780
3752 781
1211 782
1212 783
2952 784
3685 785
3693 786
2968 787
482 788
3917 789
1305 790
1095 791
2116 792
2118 793
1244 794
1500 795
2359 796
1641 797
151 798
3728 799
628 800
3868 801
2076 802
1517 803
1371 804
2333 805
3160 806
3098 807
3328 808
2454 809
2455 810
1587 811
1663 812
1676 813
2725 814
3481 815
2826 816
1965 817
2912 818
517 819
2006 820
2010 821
2891 822
1231 823
2034 824
3134 825
2670 826
3816 827
2943 828
736 829
2094 830
3066 831
1544 832
1552 833
1711 834
986 835
350 836
1894 837
60 838
2046 839
3789 840
1256 841
2069 842
3011 843
928 844
959 845
3252 846
3330 847
1730 848
3350 849
1931 850
2757 851
1104 852
2782 853
1050 854
3812 855
2870 856
82 857
1161 858
1092 859
1096 860
3007 861
2318 862
2560 863
1094 864
1298 865
2411 866
3255 867
1586 868
3274 869
2803 870
1797 871
500 872
434 873
2694 874
909 875
973 876
3334 877
1939 878
1944 879
1953 880
36 881
3735 882
1084 883
3112 884
1747 885
3548 886
2690 887
1966 888
492 889
1834 890
321 891
14 892
431 893
1120 894
2969 895
43 896
3949 897
1597 898
3438 899
3444 900
1883 901
1037 902
70 903
800 904
1419 905
2357 906
1066 907
615 908
2059 909
586 910
801 911
673 912
837 913
1485 914
1713 915
1588 916
216 917
2496 918
1911 919
1848 920
19 921
1013 922
3483 923
1033 924
546 925
700 926
1537 927
2289 928
1233 929
1449 930
176 931
3606 932
3545 933
342 934
2971 935
1178 936
1260 937
1348 938
978 939
3421 940
3629 941
2921 942
2924 943
3741 944
3742 945
1224 946
1228 947
3100 948
161 949
2390 950
2724 951
2861 952
2961 953
3005 954
1344 955
2701 956
236 957
552 958
3178 959
145 960
3555 961
1446 962
2915 963
2927 964
1203 965
3788 966
3869 967
861 968
112 969
1858 970
367 971
370 972
2879 973
2073 974
3104 975
3035 976
921 977
2788 978
1226 979
1238 980
2084 981
1777 982
239 983
1951 984
1047 985
2038 986
2058 987
3827 988
2203 989
2204 990
2208 991
906 992
3201 993
3061 994
936 995
943 996
946 997
965 998
3341 999
2612 1000
2648 1001
1934 1002
1935 1003
1936 1004
1938 1005
1940 1006
2936 1007
1303 1008
3896 1009
3556 1010
344 1011
3936 1012
1438 1013
1373 1014
1375 1015
2402 1016
2405 1017
3208 1018
2409 1019
1562 1020
1722 1021
1801 1022
292 1023
368 1024
2949 1025
466 1026
485 1027
2206 1028
2416 1029
3326 1030
3534 1031
3554 1032
3713 1033
2935 1034
1616 1035
1591 1036
1917 1037
442 1038
3745 1039
2951 1040
28 1041
1920 1042
2792 1043
477 1044
3000 1045
2066 1046
2085 1047
2940 1048
3409 1049
3285 1050
2672 1051
900 1052
73 1053
2899 1054
3300 1055
157 1056
2772 1057
2013 1058
724 1059
3081 1060
2633 1061
2645 1062
273 1063
1049 1064
1999 1065
3697 1066
838 1067
940 1068
3406 1069
1689 1070
2719 1071
1320 1072
671 1073
2365 1074
3704 1075
611 1076
805 1077
848 1078
101 1079
2745 1080
1416 1081
1684 1082
2721 1083
3712 1084
3784 1085
2533 1086
2231 1087
1645 1088
81 1089
3763 1090
3062 1091
2393 1092
2476 1093
2176 1094
3182 1095
3426 1096
1900 1097
585 1098
1297 1099
2463 1100
69 1101
3760 1102
1545 1103
1620 1104
218 1105
2572 1106
265 1107
266 1108
2688 1109
1772 1110
3783 1111
2707 1112
2770 1113
1289 1114
2093 1115
3053 1116
2181 1117
1701 1118
2361 1119
3094 1120
2384 1121
3412 1122
1699 1123
3608 1124
3618 1125
348 1126
2877 1127
390 1128
471 1129
1086 1130
3910 1131
3859 1132
3 1133
154 1134
942 1135
2360 1136
213 1137
1227 1138
1345 1139
2097 1140
2414 1141
2348 1142
206 1143
2857 1144
3679 1145
3185 1146
2150 1147
945 1148
3317 1149
3244 1150
3420 1151
224 1152
3512 1153
2570 1154
3524 1155
2819 1156
2774 1157
2941 1158
468 1159
1081 1160
2110 1161
1245 1162
2764 1163
3791 1164
2072 1165
3111 1166
1727 1167
3430 1168
1833 1169
158 1170
1020 1171
379 1172
2942 1173
494 1174
2117 1175
3943 1176
3893 1177
3135 1178
3077 1179
3301 1180
1927 1181
1785 1182
242 1183
2730 1184
1942 1185
2677 1186
1949 1187
3551 1188
2696 1189
363 1190
2859 1191
3811 1192
535 1193
475 1194
549 1195
3903 1196
3852 1197
1171 1198
1594 1199
2926 1200
3733 1201
1251 1202
215 1203
1904 1204
1202 1205
1236 1206
3450 1207
3617 1208
3484 1209
934 1210
141 1211
3470 1212
3798 1213
7 1214
1353 1215
105 1216
3271 1217
140 1218
2497 1219
3513 1220
3528 1221
1892 1222
86 1223
490 1224
3020 1225
1788 1226
3494 1227
728 1228
2130 1229
2070 1230
2071 1231
1273 1232
670 1233
1354 1234
1361 1235
3200 1236
2401 1237
2330 1238
2344 1239
1633 1240
1719 1241
3422 1242
3357 1243
214 1244
1913 1245
306 1246
308 1247
3521 1248
175 1249
3700 1250
2929 1251
373 1252
2866 1253
3746 1254
602 1255
3823 1256
3911 1257
2972 1258
3925 1259
3452 1260
2660 1261
3863 1262
766 1263
1377 1264
1464 1265
3071 1266
3262 1267
3429 1268
3546 1269
3478 1270
1015 1271
2003 1272
3676 1273
2014 1274
2410 1275
2420 1276
3327 1277
2641 1278
1924 1279
668 1280
599 1281
3951 1282
2159 1283
3038 1284
2238 1285
2310 1286
2323 1287
3075 1288
3224 1289
3089 1290
3090 1291
3188 1292
3508 1293
3365 1294
3379 1295
2726 1296
2729 1297
3462 1298
3467 1299
3475 1300
3634 1301
2905 1302
2920 1303
3801 1304
2937 1305
3814 1306
1132 1307
1147 1308
2970 1309
3929 1310
3354 1311
2155 1312
759 1313
3145 1314
2282 1315
3250 1316
352 1317
2022 1318
2372 1319
3873 1320
938 1321
3076 1322
3549 1323
1083 1324
3040 1325
3246 1326
3441 1327
2734 1328
3129 1329
3068 1330
3093 1331
2439 1332
2475 1333
3649 1334
1566 1335
1025 1336
851 1337
1535 1338
1649 1339
2611 1340
2621 1341
3281 1342
1694 1343
1914 1344
2759 1345
1884 1346
508 1347
52 1348
57 1349
523 1350
2024 1351
2112 1352
170 1353
1099 1354
507 1355
1648 1356
2520 1357
1794 1358
237 1359
3594 1360
653 1361
669 1362
3022 1363
2232 1364
2314 1365
944 1366
3157 1367
2284 1368
3181 1369
2609 1370
1734 1371
1812 1372
208 1373
3502 1374
3456 1375
3538 1376
2594 1377
267 1378
3706 1379
520 1380
1131 1381
3819 1382
3822 1383
1216 1384
627 1385
3915 1386
1232 1387
3787 1388
2335 1389
2478 1390
1030 1391
372 1392
3125 1393
2340 1394
852 1395
1479 1396
2391 1397
1672 1398
2805 1399
3614 1400
2889 1401
1012 1402
553 1403
2126 1404
3113 1405
1518 1406
1379 1407
3257 1408
153 1409
160 1410
1792 1411
1100 1412
42 1413
376 1414
786 1415
2151 1416
2301 1417
3203 1418
2539 1419
2468 1420
3622 1421
1135 1422
3516 1423
1484 1424
2583 1425
714 1426
1405 1427
788 1428
1476 1429
231 1430
3489 1431
1027 1432
3698 1433
2443 1434
574 1435
3794 1436
1191 1437
333 1438
483 1439
2297 1440
3186 1441
1735 1442
2596 1443
3723 1444
3831 1445
3851 1446
3786 1447
3598 1448
1150 1449
3219 1450
125 1451
107 1452
680 1453
927 1454
2285 1455
2550 1456
1929 1457
3680 1458
3681 1459
1173 1460
1693 1461
3461 1462
1941 1463
2852 1464
2025 1465
1082 1466
1093 1467
3535 1468
3006 1469
3210 1470
2403 1471
3296 1472
2065 1473
2616 1474
3599 1475
2239 1476
3247 1477
381 1478
948 1479
2881 1480
180 1481
3477 1482
516 1483
2134 1484
493 1485
2188 1486
1895 1487
3169 1488
1334 1489
735 1490
1340 1491
3018 1492
1346 1493
2328 1494
879 1495
2553 1496
2654 1497
196 1498
2780 1499
1991 1500
2867 1501
3928 1502
1241 1503
3569 1504
2054 1505
44 1506
2060 1507
3366 1508
172 1509
534 1510
3204 1511
22 1512
2135 1513
1187 1514
2171 1515
1395 1516
314 1517
2736 1518
194 1519
3016 1520
1385 1521
3729 1522
2124 1523
410 1524
3865 1525
1268 1526
1670 1527
205 1528
334 1529
94 1530
996 1531
3872 1532
1281 1533
929 1534
3310 1535
1948 1536
1069 1537
719 1538
351 1539
361 1540
2009 1541
1162 1542
1342 1543
2607 1544
3566 1545
1457 1546
2457 1547
3416 1548
1180 1549
3008 1550
3102 1551
892 1552
2624 1553
2493 1554
2682 1555
537 1556
3684 1557
935 1558
1024 1559
3769 1560
748 1561
1779 1562
338 1563
426 1564
3660 1565
3036 1566
2810 1567
435 1568
76 1569
647 1570
691 1571
2346 1572
2378 1573
2613 1574
3701 1575
1401 1576
907 1577
3270 1578
2106 1579
2506 1580
3688 1581
2240 1582
2322 1583
783 1584
2347 1585
2428 1586
2433 1587
991 1588
2702 1589
3718 1590
388 1591
2883 1592
2882 1593
663 1594
1111 1595
3150 1596
2922 1597
382 1598
2279 1599
2513 1600
3264 1601
2713 1602
317 1603
3717 1604
2793 1605
3826 1606
1367 1607
932 1608
116 1609
72 1610
931 1611
3289 1612
2605 1613
3739 1614
1209 1615
2111 1616
613 1617
2212 1618
1414 1619
2184 1620
3324 1621
3525 1622
3384 1623
514 1624
3707 1625
3015 1626
2600 1627
2474 1628
1875 1629
2114 1630
1366 1631
3167 1632
2990 1633
3189 1634
3720 1635
2376 1636
3519 1637
2453 1638
2017 1639
2275 1640
2325 1641
3355 1642
550 1643
2023 1644
144 1645
2068 1646
2102 1647
41 1648
1590 1649
303 1650
383 1651
1017 1652
784 1653
2495 1654
3515 1655
1465 1656
3272 1657
3146 1658
156 1659
2661 1660
2530 1661
3771 1662
3926 1663
2136 1664
2082 1665
1010 1666
1014 1667
1018 1668
3795 1669
2567 1670
407 1671
3920 1672
257 1673
85 1674
937 1675
2131 1676
2585 1677
3529 1678
1483 1679
1546 1680
2511 1681
1034 1682
3079 1683
2875 1684
3861 1685
2532 1686
2089 1687
450 1688
1758 1689
2048 1690
941 1691
952 1692
491 1693
1194 1694
2166 1695
2169 1696
1753 1697
2735 1698
2796 1699
95 1700
1091 1701
2295 1702
187 1703
3727 1704
988 1705
999 1706
1824 1707
3613 1708
3849 1709
1542 1710
2505 1711
2518 1712
2387 1713
2983 1714
1603 1715
327 1716
3870 1717
168 1718
781 1719
2840 1720
3864 1721
1176 1722
1897 1723
358 1724
976 1725
299 1726
2598 1727
2091 1728
2665 1729
3615 1730
2820 1731
362 1732
1064 1733
3653 1734
3950 1735
715 1736
417 1737
2099 1738
2033 1739
3678 1740
2182 1741
3724 1742
88 1743
3506 1744
1866 1745
2618 1746
2801 1747
501 1748
97 1749
147 1750
2708 1751
171 1752
3686 1753
1541 1754
18 1755
3547 1756
917 1757
3825 1758
2195 1759
371 1760
2004 1761
3173 1762
1627 1763
3275 1764
225 1765
1487 1766
2052 1767
1126 1768
3029 1769
3206 1770
3487 1771
2606 1772
849 1773
2848 1774
26 1775
635 1776
3821 1777
2996 1778
2524 1779
2249 1780
1888 1781
2822 1782
2669 1783
2681 1784
1571 1785
2488 1786
3754 1787
3086 1788
2351 1789
2554 1790
3677 1791
3254 1792
512 1793
2367 1794
346 1795
3368 1796
3251 1797
3808 1798
1925 1799
3737 1800
3658 1801
2276 1802
425 1803
155 1804
3627 1805
2551 1806
2925 1807
982 1808
2316 1809
2504 1810
1809 1811
3230 1812
3069 1813
897 1814
1362 1815
185 1816
2331 1817
2075 1818
408 1819
2517 1820
2531 1821
2290 1822
522 1823
893 1824
3619 1825
3338 1826
2247 1827
3744 1828
2120 1829
1397 1830
203 1831
2988 1832
3222 1833
504 1834
1882 1835
3197 1836
1459 1837
2435 1838
2148 1839
