org_id remap_id
465 0
1014 1
222 2
387 3
95 4
234 5
603 6
327 7
201 8
1137 9
241 10
4 11
181 12
196 13
143 14
423 15
26 16
427 17
304 18
229 19
237 20
480 21
144 22
518 23
154 24
1153 25
382 26
328 27
132 28
174 29
96 30
151 31
195 32
200 33
750 34
23 35
379 36
273 37
98 38
466 39
673 40
172 41
483 42
202 43
408 44
228 45
178 46
10 47
14 48
69 49
318 50
339 51
218 52
89 53
153 54
595 55
11 56
520 57
209 58
79 59
705 60
64 61
484 62
508 63
215 64
749 65
321 66
134 67
256 68
56 69
271 70
197 71
169 72
558 73
522 74
12 75
20 76
462 77
781 78
176 79
135 80
173 81
715 82
163 83
315 84
60 85
1 86
288 87
596 88
1060 89
246 90
419 91
182 92
50 93
365 94
742 95
721 96
611 97
121 98
81 99
1099 100
1028 101
961 102
1114 103
100 104
242 105
631 106
430 107
274 108
268 109
588 110
661 111
845 112
692 113
1198 114
128 115
22 116
171 117
25 118
216 119
492 120
55 121
1070 122
449 123
187 124
823 125
1022 126
686 127
57 128
52 129
866 130
506 131
566 132
660 133
774 134
474 135
648 136
82 137
443 138
272 139
378 140
92 141
126 142
194 143
70 144
190 145
161 146
923 147
447 148
175 149
86 150
48 151
203 152
937 153
1016 154
251 155
281 156
53 157
741 158
8 159
164 160
491 161
287 162
511 163
513 164
663 165
432 166
73 167
204 168
9 169
685 170
191 171
213 172
963 173
275 174
127 175
644 176
210 177
616 178
168 179
945 180
85 181
451 182
302 183
28 184
117 185
523 186
15 187
488 188
258 189
654 190
402 191
487 192
150 193
670 194
403 195
372 196
324 197
435 198
835 199
133 200
651 201
429 202
868 203
285 204
303 205
357 206
433 207
475 208
763 209
160 210
676 211
97 212
709 213
111 214
253 215
177 216
428 217
748 218
919 219
527 220
573 221
516 222
113 223
746 224
116 225
723 226
514 227
208 228
778 229
478 230
1007 231
641 232
109 233
1101 234
211 235
425 236
904 237
416 238
485 239
499 240
180 241
657 242
770 243
507 244
482 245
292 246
1021 247
679 248
294 249
47 250
855 251
1245 252
448 253
718 254
295 255
313 256
7 257
68 258
510 259
494 260
504 261
58 262
921 263
42 264
469 265
627 266
317 267
547 268
157 269
576 270
496 271
583 272
525 273
340 274
298 275
655 276
736 277
83 278
550 279
1316 280
529 281
875 282
289 283
300 284
34 285
189 286
370 287
716 288
347 289
248 290
269 291
470 292
114 293
581 294
250 295
91 296
267 297
662 298
528 299
361 300
704 301
990 302
969 303
515 304
385 305
393 306
156 307
239 308
652 309
582 310
493 311
509 312
257 313
939 314
44 315
67 316
286 317
883 318
546 319
559 320
848 321
410 322
471 323
615 324
530 325
238 326
226 327
326 328
249 329
323 330
88 331
305 332
366 333
490 334
115 335
192 336
124 337
183 338
570 339
420 340
13 341
188 342
162 343
284 344
689 345
526 346
276 347
568 348
729 349
93 350
405 351
702 352
193 353
280 354
71 355
230 356
179 357
915 358
618 359
690 360
306 361
517 362
727 363
614 364
993 365
322 366
647 367
245 368
45 369
699 370
293 371
1160 372
380 373
136 374
331 375
205 376
1017 377
32 378
227 379
235 380
732 381
221 382
621 383
1039 384
1030 385
925 386
640 387
747 388
341 389
401 390
879 391
102 392
1009 393
283 394
610 395
519 396
612 397
922 398
308 399
186 400
489 401
265 402
1306 403
59 404
638 405
744 406
460 407
1065 408
1069 409
1047 410
384 411
693 412
498 413
878 414
1242 415
1149 416
884 417
691 418
743 419
1129 420
291 421
381 422
240 423
1139 424
659 425
278 426
531 427
1265 428
352 429
697 430
1197 431
185 432
316 433
99 434
966 435
486 436
792 437
633 438
223 439
363 440
262 441
1413 442
232 443
924 444
333 445
1189 446
125 447
165 448
421 449
578 450
131 451
1119 452
671 453
739 454
735 455
418 456
898 457
212 458
392 459
880 460
780 461
107 462
856 463
502 464
332 465
1105 466
301 467
895 468
1084 469
431 470
404 471
51 472
1203 473
1097 474
282 475
707 476
263 477
199 478
1062 479
214 480
724 481
557 482
552 483
936 484
307 485
198 486
959 487
1019 488
1188 489
624 490
6 491
30 492
1073 493
708 494
29 495
934 496
1134 497
958 498
1152 499
170 500
645 501
350 502
664 503
1104 504
479 505
481 506
101 507
129 508
632 509
549 510
219 511
167 512
472 513
535 514
850 515
455 516
665 517
639 518
436 519
1500 520
1463 521
628 522
119 523
66 524
255 525
623 526
1192 527
224 528
220 529
1142 530
39 531
656 532
683 533
720 534
814 535
591 536
464 537
853 538
1025 539
166 540
158 541
675 542
441 543
3 544
694 545
1459 546
658 547
148 548
928 549
1098 550
813 551
538 552
1194 553
87 554
1495 555
751 556
243 557
389 558
310 559
155 560
900 561
1221 562
672 563
137 564
1401 565
463 566
312 567
33 568
477 569
261 570
236 571
473 572
1368 573
889 574
790 575
1126 576
1133 577
764 578
159 579
604 580
902 581
346 582
225 583
625 584
684 585
847 586
138 587
754 588
1093 589
589 590
1143 591
505 592
800 593
467 594
512 595
646 596
354 597
108 598
1473 599
24 600
881 601
1175 602
207 603
147 604
1367 605
290 606
887 607
19 608
277 609
737 610
1218 611
678 612
309 613
252 614
1045 615
567 616
299 617
635 618
976 619
882 620
524 621
703 622
738 623
94 624
1220 625
1053 626
753 627
17 628
1010 629
325 630
62 631
1115 632
885 633
613 634
667 635
184 636
1048 637
642 638
952 639
461 640
1094 641
521 642
602 643
2 644
584 645
118 646
414 647
390 648
297 649
592 650
989 651
984 652
359 653
998 654
1148 655
650 656
72 657
1141 658
501 659
458 660
562 661
844 662
1313 663
61 664
886 665
745 666
1405 667
597 668
1536 669
1024 670
217 671
497 672
634 673
607 674
1232 675
320 676
1462 677
1128 678
1302 679
149 680
949 681
701 682
630 683
319 684
1056 685
964 686
873 687
593 688
713 689
417 690
940 691
1170 692
1398 693
1074 694
871 695
1131 696
76 697
391 698
260 699
450 700
1446 701
411 702
1286 703
605 704
31 705
5 706
561 707
829 708
864 709
80 710
1190 711
342 712
872 713
231 714
40 715
356 716
534 717
233 718
1298 719
1012 720
270 721
980 722
1168 723
543 724
975 725
1046 726
503 727
548 728
942 729
77 730
606 731
626 732
1524 733
575 734
1103 735
1229 736
854 737
344 738
938 739
916 740
495 741
892 742
152 743
682 744
1136 745
140 746
206 747
358 748
334 749
1008 750
362 751
1210 752
1086 753
65 754
476 755
1121 756
680 757
762 758
1041 759
836 760
1169 761
388 762
1451 763
1357 764
1044 765
266 766
459 767
386 768
775 769
394 770
434 771
1117 772
954 773
311 774
1258 775
874 776
142 777
329 778
909 779
1050 780
755 781
106 782
46 783
947 784
740 785
1450 786
1042 787
968 788
653 789
1154 790
977 791
1061 792
1038 793
831 794
54 795
1281 796
979 797
636 798
1199 799
1020 800
343 801
609 802
500 803
1005 804
965 805
27 806
112 807
122 808
846 809
946 810
1280 811
629 812
787 813
617 814
572 815
123 816
863 817
681 818
825 819
38 820
537 821
139 822
712 823
452 824
1419 825
1135 826
1240 827
1296 828
84 829
953 830
1006 831
553 832
544 833
838 834
1293 835
259 836
1095 837
49 838
244 839
789 840
815 841
752 842
769 843
400 844
1301 845
120 846
1375 847
896 848
837 849
445 850
345 851
413 852
1347 853
756 854
971 855
90 856
371 857
468 858
951 859
1466 860
687 861
772 862
1063 863
906 864
1282 865
1426 866
532 867
1195 868
1617 869
608 870
367 871
1033 872
279 873
956 874
338 875
574 876
1427 877
1311 878
1167 879
826 880
1034 881
877 882
899 883
905 884
843 885
1260 886
710 887
688 888
1090 889
1558 890
733 891
580 892
908 893
785 894
876 895
1278 896
1035 897
373 898
865 899
649 900
335 901
355 902
834 903
943 904
1191 905
967 906
717 907
349 908
551 909
247 910
960 911
794 912
41 913
935 914
1470 915
396 916
793 917
336 918
1592 919
1277 920
1204 921
1468 922
1516 923
18 924
827 925
1193 926
860 927
930 928
851 929
369 930
1172 931
674 932
791 933
622 934
1404 935
376 936
1166 937
1011 938
569 939
816 940
1512 941
456 942
696 943
601 944
1206 945
730 946
43 947
695 948
1262 949
1158 950
768 951
806 952
1358 953
1591 954
330 955
541 956
1075 957
941 958
914 959
105 960
1026 961
1089 962
867 963
986 964
563 965
1118 966
891 967
444 968
422 969
1018 970
888 971
842 972
1079 973
1036 974
337 975
995 976
1243 977
141 978
944 979
901 980
1211 981
533 982
955 983
962 984
974 985
1612 986
1599 987
1147 988
1043 989
1469 990
1266 991
1176 992
364 993
1514 994
1067 995
1449 996
409 997
1252 998
1110 999
1051 1000
731 1001
1273 1002
1031 1003
805 1004
554 1005
840 1006
78 1007
1217 1008
1491 1009
797 1010
1428 1011
399 1012
1058 1013
1628 1014
1144 1015
1275 1016
1233 1017
1268 1018
1653 1019
1483 1020
585 1021
796 1022
849 1023
1251 1024
1109 1025
1499 1026
932 1027
833 1028
426 1029
1111 1030
110 1031
761 1032
1085 1033
619 1034
395 1035
808 1036
1443 1037
542 1038
412 1039
21 1040
16 1041
351 1042
1396 1043
1537 1044
811 1045
722 1046
820 1047
1269 1048
894 1049
1150 1050
1234 1051
1239 1052
1429 1053
809 1054
1410 1055
1159 1056
1113 1057
383 1058
810 1059
1138 1060
1015 1061
1184 1062
353 1063
890 1064
1202 1065
145 1066
991 1067
1052 1068
1388 1069
1598 1070
1467 1071
1431 1072
771 1073
63 1074
1607 1075
1589 1076
862 1077
1037 1078
1475 1079
1503 1080
1059 1081
1421 1082
1174 1083
375 1084
760 1085
1540 1086
1597 1087
1381 1088
821 1089
1054 1090
571 1091
903 1092
1295 1093
1642 1094
988 1095
1244 1096
130 1097
828 1098
812 1099
1157 1100
1479 1101
1155 1102
818 1103
1001 1104
1222 1105
926 1106
1066 1107
1238 1108
1620 1109
637 1110
1078 1111
1116 1112
1394 1113
1237 1114
35 1115
1205 1116
802 1117
700 1118
407 1119
1032 1120
1122 1121
1201 1122
1344 1123
1163 1124
1439 1125
1127 1126
982 1127
360 1128
1029 1129
1064 1130
1629 1131
1448 1132
1389 1133
776 1134
1040 1135
869 1136
254 1137
1400 1138
1529 1139
1284 1140
454 1141
950 1142
74 1143
1177 1144
973 1145
1656 1146
1120 1147
1187 1148
536 1149
1171 1150
1472 1151
1207 1152
1639 1153
1294 1154
264 1155
368 1156
1132 1157
1283 1158
1377 1159
1605 1160
1643 1161
841 1162
1600 1163
972 1164
1125 1165
978 1166
1434 1167
832 1168
1355 1169
348 1170
1594 1171
