0 338 75 60 30 435 23 220 239 260 175 259 554 145 43 61 50 17 425 59 334 0 86 28 81
1 139 547 601 214 514 149 110 811 604 770 389 291 285 871 56 225 280 0 283 466 533 971 51 812 84 613 345 36 303 1 918 507 318 476 422 31 181 42 234 167 955 400 417 278 28 128 217 357 182 387 983 793 471 433 381 593 290 91 77
2 53 56 166 43 630 137 98 123 14 470 402 93 271 631 348 81 340 379 59 859 450 18 45 356 230 87 338 38 459 185 347 32 30 50 168 94 748 825 4 19 184 52 40 49 604 256 258 72 202 434
3 150 494 163 71 175 149 265 3 278 370 458 1057 310 144 82
4 110 818 49 1007 146 746 614 137 411 740 1003 33 144 459 1 148 534 87 558 807 101 22 119 154 829 385 624 328 560 340 471 4 207 355 116 434 191 997 872 0 40 824 306 15 86 248 331
5 660 720 42 124 640 432 371 63 378 398 210 92 5 347 183 488 104 453 412 37 269 107 8 62 350 35
6 116 842 317 6 304 87 147 256
7 536 154 185 20 7 421 93 61 531 184 8 69 169 86 307 52 2 179 274
8 178 309 511 87 538 234 616 46 81 75 41 326 439 158 207 468 93 31
9 109 785 174 300 499 361 375 9
10 56 17 536 449 505 189 92 10 409 77 938 508 69 105 470 337 20 394 293 141 257 840 152 224 72 49 50 258 307 219 326 42 53 80 264 116 278 673 486 127 6 58 104
11 61 116 189 179 185 201 37 322 604 75 29 38 209 56 154 20 95 12 177
12 44 286 86 118 447 505 93 189 324 168 293
13 589 173 294 638 124 178 75 85 138 77 12 201 33 50 135 131 175 507 341 234 28 80 41 689 604 449 137 272 58 505 228 277 71 31 182 107 362 646 352 59 198 87 5 67 56 455 53 642 61 250 213 264 508 212 142 387 369 224 112 261 81 279 42 472 6 432 564 217 148 151 276 481 93 206 162 64 157 486 367 511 338 413 69 404 656 32 408 29 235 804 227 184 400 542
14 355 184 29 93 166 42 12 41 113 14
15 854 308 30 191 659 456 41 184 186 151 112 356 50 86 143 644 108 32 262 93 64 81 132 15 110 119 12 392 303 61 29 331 177 4
16 198 42 75 69 143 396 326 38 16 50 104 672 227
17 120 405 304 85 80 232 228 478 202 259 135 413 6 324 688 317 107 273 338 505 277 771 169 311 164 666 31 62 870 46 58 93 247 404
18 104 86 81 329 93 50 255 61 313 264 18 2 209 59
19 2 19 700 980 284 70 801 189 373 218
20 21 20 259 6 456 17 143 374 60 245 473 41 64
21 12 104 69 31 29 265 327 307 106 41 706 22 151 439 90 75 421 170 81 187 86 249 326 39 600 217 158 508 87 38 322 337 208 407 185 59 294 63 177 157 61 253 116
22 75 747 840 241 93 568 486 41 53 307 92 493 54 29 115 175 22 62 124 304 80 295 69 600 43 413 400 827 23 293 190 12 402 38 79 367 152 207 364 250
23 425 400 322 823 190 24 313 149 180 233 8 44 81 161 798 743 118 516 440 286 96 571 794 720 390 185 668 698 228 603 72 600 257 278 58 402 464 691 636 0 1009
24 554 174 84 25 104 179 184 9 177 182 708 821 564 118 547 317 120 391 288 139 559 24 478 30 380 372 254 13 430 597 705 26 109 447 95 937 660 214 276 305 284 20
25 476 435 672 311 396 494 395 206 144 10 147 1065 129 312 152 656 29 500 537 381 686 800 278 183 46 659 357 200 191 245 486 220 564 80 26 212 204 1122 131 256 148 213 643 518 334 176 760 230 53 21 174 163 97 317 239 580 38 119 42 58 532 60 384 492 244 67 404 291 28 106 260 592 281 47 451 478 346 24 731 251 54 436 118 454 805 509 190 506 560 15 35 145 17 52 216 946 348 198 505 235 304 473 75
26 652 27 289 256 366
27 640 72 353 33 41 143 12 346 304 376 144 61 11 17 171 116 212 38 235 220 50 184 107 271 133 336 173 190 642 638 241 175 29 413
28 256 431 86 118 185 284 31 130 187 313 406 142 154
29 81 57 61 257 169 58 45 480 50 143 93 29 104 554 166 133 80 123
30 143 227 104 735 193 362 261 636 213 138 257 390 250 177 230 96 73 58 33 148 174 291 338 432 149 666 54 87 119 273 207 731 394 2 69 320 380 228 425 81 608 350 75 357
31 21 32 17 118 486 536 69 104 832 30 29 75 50 61 57 187 175 604 38 15 311 369
32 308 705 169 22 400 348 104 53 45 75 80 13 34 69 455 447 168 49 59 642 61 41 284 81 95 347 189 157 151 185 50
33 774 21 917 67 147 463 603 204 263 151 970 281 58 86 75 17 213 44 135 369 77 405 436 286 117 26 93
34 478 31 480 28 241 81 29 229 264 50 600 80 41 336 168 32 227 151 206 98 33 108 38 566 37 61 160 455 93 307 500 59 14 75 447 124 212 6 121
35 39 376 42 61 104 228
36 71 61 240 278 163 69 662 42 347 603 338 245 439 111 151 81 478 58 145 208 32 175 219 179 31 6 242 307 202 59 190 22 56 425 47 45 188 38
37 50 69 151 104 183 561 42 296 416 208 347 28 60 13 84 500 310 46
38 347 433 84 43
39 144 166 293 72 355 44 416 572 225 81 135 179 93 49 80 143 244 165 53 206 69 41
40 49 32 30 168 2 149 72 59 184 206 212 335 257 165 219 35 54 80 245 15 43 338 107 111
41 35 135 29 235 190 265 69 75 124 177 642 376 33 175 30 206 46 227
42 566 174 731 244 47 343 310 299 44 206 340 703 455 293 186 117 108 31 160 60 135 14 196 98 200 182 267 29 192 309 350 235 672 528 213 99 855 75 3 138 46 80 317 402 217 337 326 647 74 166 439 150 473 503 278 61 39 219 43 21 281 53 81 48 180 11 222 212 438 522 431 805 45 50 2 303 436 395 240 401 149 286 179
43 120 396 74 188 80 81 208 311 326 38 48 62 506 192 135 235 337 564 448 227 451 163 77 432 334 273 42 401 374
44 171 92 636 362 291 357 59 384 273 441 22 228 227 54 29 6 12 49 4 143 67 169 244 231 86 42 182 61 511 684 276 81 135 316 245 656 3 437 5 116 213 317 124 250 79 225 58 109 307 278 43 64 159 201 338 28 62 350 8 432 190 104 193 179 93 90
45 620 570 633 414 961 748
46 490 54 10 64 276 191 93 692 101 198 672 562 271 470 400 160 50 85 102 447 38 250 707 351 435 212 43 13 26 335 28 172 24 859 278 363 610 171 754 228 565 106 58 301 49 296 118 632 104 257 150 179 269
47 120 29 71 38 174 250 348 35 64 131 77 304 553 413 169 42 336 50 144 128 206 256 198 43 355 261 133 642 329 4 61 241 570 151 367 168 69 299 455 163 458
48 72 256 566 12 355 15 45 233 58 480 313 163 99 81 293 41 53 54 135 44 400 24 179
49 55 142 7 90 619 93 27 328 776 313 205 617
50 242 149 69 478 192 67 572 259 505 119 168 241 436 772 77 309 62 29 509 592 337 41 448 220 310 100 432 434 47 93 6 247 71 46 437 401 159 273 394 200 935 30 171 11 42 31 13 14 57 249 21 326
51 58 79 493 75 38 338
52 4 206 201 50 29 61 271 516 92 185 233 71 43 115 412 93 12 30 32 291 101 104
53 510 295 41 59 93 938 38 49 119 940 585 356 815 29 56 27 105 307 6 493 5 84 433 721 7 101 341 185 193 519 306 212 79 30 511 582 92 402 801 75 291 391 309 313 257 470 116 80 331 1002 69 132
54 155 369 168 190 12 2 63 467 299 291 608 204 98 304 313 60 20 256 478 147 124 42 257 278 67 206 139 317 246 151 84 486 202 198 56 86 609 112 143 522 413 1024 34 171 121 347 165 239 38 17 241 93 382 76 447 293 21
55 705 60 434 56 284 257 184 478 22 59 475 531 29 50 505 271 6 228 92 379 116 183 17 86 11 46 61 356 355 253 175 31 241 4 643 190 30 585 242 121 15 187 148 71 456 261 58 427 381 20 32 38 33 471 5 322 168 14 160 206
56 338 86 186 135 129 396 184 90 53 470 81 478 62 326 109 24
57 111 11 74 5 1010 500 216 566 776 478 12 60 458 80 312 873 311 168 84 228 143 93 437 246 298 561 594 362 490 276 672 146 64 77 607 170 917 381 433 127 35 190 439 580 1045 98 175 532 1059 665 217 165 227 554 568 564 885 933 132 184 201 899 471 92 241 952 477 585 540 225 659 880 34 647 104 325 214 204 61 261 840 183 267 69 542 41 556 337 758 379 151 131 464 125 347
58 425 179 564 545 119 357 159 174 476 81 171 437 754 17
59 328 246 65 368 652
60 150 367 42 857 394 274 879 227 206 175 169 128 370 509 174 26 413 731 564 693 104 271 66 372 9 299 110
61 257 75 71 104 591 68 90 193 41 31 29 87 69 1015 151 5
62 290 329 291 12 275 87 295 31 6 86 70 208 175 93 552
63 445 72 109 12 79 227
64 737 542 104 38 328 453 257 69 160 532 73 538 432 86 148 169
65 30 198 201 79 93 116 123 124 216 34 41 59 304 12 163 259 346 53
66 102 408 271 463 204 451 654 326 735 172 264 6 220 427 857 149 74 387 236 217 186 274 281 398 171 821 143 347 28 104 503 90 17 117 151 35 307 69
67 13 77 106 449 38 585 189 258 119 157 349 891 265 81 102 214 547 133 196 545 2 69
68 612 651 447 843 354 787 86 146 242 87 386 330 454 137 113 536 31 1022 342 132 644 572 32 1050 422 187 585 752 118 769 108 59 185 323 95 78 706 327 75 38 5 150 552 170 288 61 119 522 30 279
69 413 200 346 206 93 342 67 220 478 80 163 83 49 381 14 724 111 360 343 15 140 136 376 61 28 32 116 179 50 138 139 104 42 576
70 131 53 80 81 21 241 135 29 166 61 269 41 367 67 120 204 6 5 190 60 478 42 151 369
71 394 376 59 167 516 239 887 2 38 174 856 137 163 308 79 271 41 143 348 524 29 93 57 168 32 316 374 22 171 189 180 145 50 331 556 283
72 347 274 343 326 562 187 454 758 481 465 49 317 865 554 388 525 857 64 291 191 144 71 139 169 136 371 104 567 290 626 109 323 422 142 370 462 337 46 153 226 298 214 949 494 288 210 56 14 13 447 84 832 38
73 211 171 66 38 493 141 659 355 660 303 75 80 49 21 296 149 104 866 256 110 121 93
74 30 59 305 702 338 757 570 53 646 12 29 170 313 177 351 22 668 121 185 98 32
75 445 12 158 93 95 109 208 347 604 695 185 211
76 271 6 427 93 241 67 188 413 731 476 276 814 505 545 42 97 75 434 261 439 206 622 273 171 357 396 35 338 337 21 28 62 175 198 204 532 190 33
77 402 184 137 374 61 394 174 200 284 119 278 230 6 42 150 729 13 81 240 110 983 684 334 834 17 14 192 646
78 184 32 356 511 166 123 79 257 2 41 64 22 93 98 191 338 631 15 116 12 143 353
79 149 124 789 39 260 265 743 378 413 408 165 75 72 190 80 348 241 336 11 32 67 110 52 152 99 596 104 595 269 56 53 93 6 15 273 163 44 92 217 508 503 245 207
80 20 413 439 54 454 62 402 266 456 28 29 17 15 191 140 110 239 38 159 859 184 510 61 137 95 340 13 146 4 116 355 249 14
81 291 427 347 147 48 138 564 75 595 28 117 773 122 603 312 207 252 80 251 47 682 102 30 225 166 42 473 149 188 267 241 486 105 357 93 77 165 159 6 135 124 542 666 67 193 244 262 100 438 311 760 566 449 73 230 309 397 281 754 627 277 685 264 550 531 139 217 274 63 325 337 58
82 872
83 538 29 267 542 342 104 909 157 5 79 662 17 378 134 35 87 307 189 676 911 149 116 357 219 432 208 232 135 33 519 241 69 276 439 160 257 163 121
84 4 447 326 43 296 198 264 228 425 177 69 400 179
85 48 44 75 38 189 72 152 169
86 392 220 663 175 119 56 169 558 1008 271 305 4 75 185 433 347 87 84 549 133 529 182 157 723 560 860 565 159 50 36 108 38 100 54 34 341 380 197 562 436 459
87 291 43 1041 439 500 46 335 93 296 53 189 79 105 99 341 121 119 380 168 29 128 486 564 85 90 523 145 338 179 603 71 508 86 721 171 45 598 350 228 337 315 32 264 540 193 491 554 109 528 608 72 149 223 117 233 175 378
88 2 154 185 56 30 357 208 275 81 556 179 160 665 256 93 475 109 187 480 12 485 32
89 170 12 93 812 235 118 758 689 406 193 104 38 5 278 160 230 684 284 169 187
90 116 50 62 81 402 52 54 413 91 212 42 522 38 292 61 29 509 59 14 119
91 600 11 54 181 79 81 195 22 43 93 295 179 259 326 143 636 279 400 189 748 30 516 228 304
92 189 41 342 93 32 121 137 116 338 201 198 69 19 2 175
93 165 235 331 198 857 119
94 312 307 157 944 673 746 397 111 169 179 978 136 471 507 728 683 350 271 149 542 69 171 33 161 261 353 143 165 88 383 464 159 163 206 749 138 439 99 22 367 635 168 160 220 54 239 176 438 519 270 98 17 32 57 217 29 235 248 824 198 425 13 876 355 28 194 453 357 24 257 241 374 238 152 642 531 259 61 145 480 81 327 75 5 305 315 191 342 148 62 276 11 395 506 900 730 49 451 184 80 20 232 343 434 207 320 413 661 141 596 688 485 741
95 480 183 38 307 336 44 166 56 79 202 275 14 91 93 41 20 488 326 22 169 8 168 29 269 179 33 149 5 116 80 17 63 538 50 189 30 92 72 257 357 747 337 505 81 69 135 15 71 241 12 124
96 368 130 668 562 1157 347 600 101 711 182 275 445 185 366 142 837 118 612 55 447 139
97 375 84 368 835 918
98 34 175 187 119 169 455 61 432 131 91 500 17 49 200 50 42 128 472 317 349
99 154 292 327 386 820 284 716 59 314 152 315 579 132
100 235 433 50 42 304 175 206 415 119
101 198 54 446 177 464 159 235 585 348 271 400 43 12 119 161 11 259 478 168 524 45 113 305 228 146 104 186 41 136 143 61 28 29 58 59 78 979 838
102 256 98 357 251 79 29 58 486 72 173 93 63 23 38 32 49 53 75 69 207 439 104
103 873 927 476 78 432 645 361 752 16 904 109 231 215 38 689 320 132 39 449 144 545 33 1025 36 331 563 85 713 118 52 3 172 73 514 87 394 694 684 350 816 229 10 856 272 785 7 393 655 88 543 158 452 338 317 511 593 2
104 449 808 904 183 64 276 455 121 11 69 104 13 116 38 264 201 29 307 342 995 275 271 256 475 326 840
105 360 246 27 249 205 361 332 7 976 328 391 183
106 595 357 74 738 186 42 144 198 247 71 143 174 93 235 91
107 24 174 54 505 326 38 128 317 139 304 208 69 360 159 75 144 220 439 29 432 150 212
108 48 595 580 172 223 374 341 271 142 204 169 434 874 28 347 230 75 353 528 225 105 116 61 463 175 498 159 286 310 304 238 439 245 278 437 317 15 458 86 754 44 288 106 38 291 564 382 67 394 177 50 370 267 369 200
109 93 46 189 347 12 20
110 3 545 187 90 291 467 124 118 86 104 119 81 98 71 484 380 150 174 257 2 31 694 476 352 193 208
111 177 90 37 41 600 151 139 69 508 295 96 104 307 264 582
112 1083 175 357 50 69 210 256 5 274 350 310 432 197 347 33 862 826
113 93 347 90 12 175
114 394 175 183 105 104 204 774 433 155
115 525 505 165 29 177 781 168 116 61 306 137 331 156 447 59
116 79 104 33 569 141 50 46 31 347 49 349 121 241 174 159 326 209 81 75 61 169 355 439 276 171
117 150 204 15 71 227 291 66
118 93 347 179 278 420 171 79 189 2 160 295 41 326 207 31 53 159 50 145 642
119 494 152 187 475 505 459 69 84 346 50 278 683 374 34 501 19 271 216 81 376 348 38 253 137 305 30 67 46 15 57 729 53 265 659 119 61 589 338 150 650 29 45
120 29 228 179 35 93 69 743 191 227 148 67 33 38 12 168 347 80 212 494 276 92 43 84 220 183 167 106 235 175 71 206
121 745 81 187 146 98 525 529 209 524 28 101 568 560 348 534 461 15 759 14 191 575 20 159 170 838 845 316 192 454 481 343 894 354 64 113 317 710 182 49 288 306 139 626
122 107 273 204 165 621 288 522 44 213 423 413 168 26 147 32 149 225 325 99 93 183 396 31 172 41 572 104 312 75 337
123 42 61 38 56 91 64 5 41
124 338 62 104 135 340 17 186 30 171 188 167 374 166 178 659 235 432 245 241 138 57 592 46 438 49 28 190 273 304 80 727 198 376 6 53 413 165 206
125 551 9 231 104 467
126 284 95 323 93
127 468 559 84 582 87 183
128 878 49 348 755 90 444 563 810 4 495 355 50 365 264 524 587 249 322 43 951 426 96 146 110 184 109 56 525 744 456 913 863 745 447 536 465 455 522 87 140 313 168 475
129 737 175 486 307 93 79 208 61 56 400 185
130 326 104 286 189 505 38 17 291 337 23 207 53 86 58 219 117 163 449 595
131 436 1 451 61 213
132 193 87 206 183 486 256
133 327 668 116 195 69 32 258 146
134 187 328 196 50 2 189 72
135 93 197 90 139 204 332 104 371 350 109
136 198
137 44 58 474 67 152 551 256 664 564 369 227 61 41 86 147 42 236 54 90 69 208 213 439 645 179 56 326 75 234 501 81 117 149 337 139 276 73 309 225 387 313
138 13 72 821 61 258 578 117 69 480 264 544 463 50 347 179 312 665 189 220 130 507 207 357 169 96 16 206 24 33 20 93 309 326 276 455
139 592 72 500 374 821 129 518 532 6 192 540 299 136 505 760 515 338 232 29 62 230 376 260 273 789 135 40 397 245 642 478 199 427 395 482 291 346 67 542 436 171 405 93 221 585 325 870 97 30 251 176 293 48 244 110 367 281 590 634 165 163 731 124 689 5 28 688 439 448 180 259 188 46 817 57 164 242 425 21 473 800 506 580 106 159 566 32 603 438 780 174 359 172 931 645 453 312
140 447 275 130 839 189 513 211 406 142 997 284 255 257 646 514 118 421
141 31 326 510 208 201 54 92 259 42 67 369 216 367 338 5 242 35 61 175 147 289 106 152 432 169 159 487 363 63 131 267 241 519 171 307 273 590 179 206 235 69 656 439 56 312 493 190 981 135 145 269 648 455 357 296 537 353 299 261 250
142 597 751 205 467 653 300 189 249 7 778
143 137 30 355 447 628 547 29 597 571 322 195 585 365 116 214 541 614 177 64 15 600 5 61 468 70 4 79 121 371 193 556 139 454 93 33 552 1036 49 1117 867 340 434 524 266 730 702 69 584 625 456 28 410 279 220 795 209 67 333 59 471 445 12 95 568 168 98 13 297 475 317 327 1013 43 563 842 20 38 41 717 624 284 1016 283 544 329 483 432 721
144 582 57 235 953 851 291 374 13 38 71 104 274 607 341 833 175 241 561 46 376
145 41 45 15 29 42 91 110
146 105 169 109 225 44 317
147 206 12 118 150 93 48 95 337 564 277 50 128 907 313 41 217 38 75
148 179 357 658 57 47 58 356 338 69 519 75 229 224 438 64 222 271 81 93 151 304 149
149 152 61 60 537 239 304 235 124 228 165 91 478 362 93 227 434 80 337 743 28
150 433 15 29 568 530 50 169 81 388 220 93 30 276 143 151 116 460 227 458 80 61 145
151 126 530 155 48 174 112 225
152 892 476 184 609 81 206 65 254 202 169 689 109 187 465 158 425 278 15
153 232 124 241 46
154 347 233 175 313 104 86
155 493 46 336 338 53 29 159 564 341 750 257 69 93 75 423 432 337 505 73 190 208 104 163 5 35 522 267 378
156 566 81 536 603 49 500 788 46 27 323 317 133 513 296 177 29 338 400 355 168 119 54 61 519 60 15 257 471 326 313 486 159 86 201
157 51 317 34 457 467 246
158 69 53 313 77 147 208 179 754
159 12 505 49 15 88 93
160 137 79 402 307 313 279 98 160 195 327 781 41 59 69 338 12 351 517 95 657 81 43 123 19 235 45 447 29 93 177 87 762 31 154 379
161 189 183
162 284 275 256
163 284 447 185 368 27 170 218 12 98 351 287 548 95 513 189 485 475 646 104
164 357 135 242 75 80 175 124 149 342 505 404 117 206 53
165 545 175 127 179 243 58 163 394 116 213 671 145 257 124 104 92 564 344 137 43 174 29 69 204 143 81 107 326 273 222 53 159 278 228
166 212 38 174 427 394 384 642 317 608 566 172 171 17 510
167 309 441 217 242 166 58 69 432 207 149 268 31 296 676 179
168 48 193 105 608 291 1024
169 564 255 257 341 508 371
170 291 105 317 256 457 468 139
171 488 149 227 60 311 374 261 126
172 93 13 133 46 15 50 17 64 169 730 716 308 140 459 211
173 554 256 166 379 38 271 362 31 338 384 15 21 179 771 863
174 571 47 337 257 304 104 291 109 189 317 630 155 441 608 126 225
175 208 204 28 264 382 241 228 493 61 595 408 56 31 307 197 215 58 432 75 206 357 571
176 175 551 155 204
177 447 557 742 653 284 539 322 282
178 418 491 93 42 275 305 317
179 54 317 276 165 113 159
180 556 187 256 218
181 144 189 61 184 93
182 93 116 59 28 256 41 20 369 61 1 338 432 22 397
183 29 80 317 189 105 256 198
184 436 44 283 143 50 402 299 61 317 724
185 323 256 183 87
186 283 361 84 256 607 567
187 465 93 394 12 87
188 274 84 139
189 104 41 75 53 195 87 357 175 292 307 347 35 22
190 233 12 54 519 104 313 83 29 507 44 41 264 207 648 58 26 53 45
191 391
192 61 351 185 423
193 797 53 507 342 175 530 135 338 427 99 190 400
194 749 466 751 328 302 256 620 967
195 185 560 319 4 119 20 81 256 303 355
196 500 828 274 126 205 246 50 105
197 14 245 313 118 372 343 168 242 175 67 50 144 541 143 16 400 430 104 20 49 235 171 381 136 84 220 395
198 81 69 32 472 30 98 258 141 292 628 212 116 216 470 279
199 396 478 46 159 572 143 817 67 540 60 580 505 500 296 521 506 42 190 97 756 304 71
200 155 183 48 169 1149 34 256 105 104 317
201 170 32 116 59 585 195 714 137
202 256 313 284 12 4 43 29 443 137 64 10 61 17 365 45 187 402 585 116 93 269 163 98 50 56 175 262 184 394 49 174 75
203 187 29 61 522
204 239 336 166 198 261 476 448 175 227 48 317 80 71
205 93 183 34 187 12
206 21 38 202 189 30 29 2 104 519 69 432 511
207 93 235 228 376 20 86 15 124 271 331 505 206 17 464 29 107 143 245 46 91 580 175 355 346 179 6 220 201 67
208 465 457 317 617 670 778 197 302
209 586 293 413 212 139 249 16 271 113 64 81 43 187 61 136 44 69 38 228 118 189 75 72 291 229 467 95 50 331 433 303 284 286
210 317 175 291 158 332 149 164 168 307 190 58 6 564 118 183 439 350 75 638 69
211 441 332 274
212 28 58 111 171 32 124 399 29 42 271 299 41 163
213 187 569
214 289 27
215 63 750 629 215 197 469
216 74 104 149 41 79 357 53
217 540 179 56
218 124 232 29 149 92 135 387 21 186 71 432
219 44 67 505 42 175 72 61 527 338 135
220 317
221 28 256 104 67 12 5 250 14
222 336 33 38 790 362 104 347 135 35 193 80 61 30 317 41
223 256 175 441 218 332 445 670 479
224 276 505 143 336 6 642 432 256 42 190 93 357 35 378 183
225 460 20 372
226 524 15 344 313 505 172 456 262 12 370 435 545 50 454 200 348 61 45 266 49 43 765 380 271 714 184 646 185 374 303 326 201 54 14 394 209 28 659 349 292 168 381 469 858 130 6 174 305 195 472 182 239 657 159 113 116 0 118 173 167 355 353 317 705
227 445 375 630 87 289
228 84 445 433 468 139 87 959
229 310 152 190 54 93 44 90 183 317 21 29 293 67 72 135 376
230 118 70 145 69 377 341 2 208 407 322 31 702
231 86 42 486 62 501 35 104 500 296 790 33 159 69 50 124 61 402 12 29 38
232 212 41 80 93 159 49 177 123 200
233 721 574 533 992
234 179 276 594 57 111 50 175 400 61 326 336 184 75
235 189 70
236 48 367 225 169 304 189 291 406 50 273 337
237 204 187 393 17 162 171 118 608 220 341 413 50 566 242 427 116
238 384 256 191 298 212
239 62 259 771 135 57 178 432 38 311 46 478 271 239 81 327 346 220 138 325 42 768 93 505 338 242 276 634
240 289 269 189 184 75 413 111 259 104 345 79 50 342 338 116 396 152 139 175 132 42 186 304 310 284
241 56 35 780 152 201 406 241 69 116 41 64 307
242 812 143 227 198 186 225 118
243 325 10 324 422 278 230 595 200 564 198 403 50 30
244 750 208 422 427 128 9 197 48 85 420 664 93 204 104 677
245 63 93
246 50 137 212 163 376 32 705 124 375 34 38 5 6 59 12 304 15 49 445 116 79
247 292 75 443 284 661 137 276 328 305 356 27 614 611 889 40 412 646 183 45 913 668 549 4 700 1028 93 201 5 468 37 81 95 808 182 706 447 69 154 12 30 485 470 177 248 20 22 209 189 344 41 7 61 175 19 379 212 87
248 1063 414 601 766 818 256 27 602
249 281 309 179 15 67 188 310 62 731 638 45 93 207 506 848 427 42 582 382 864 335 6 629 649
250 273 35 434 357 478 564 135 44 367 199 216 473 175 149 293 80 93
251 899 28 169 8 911 336 332 673 219 848
252 380 679 175 37 371 154 193 274 86 564 304 109 63 317
253 284 588 275 208 702 37 475 687 322 93 721 274 249 467 48 641 699 169 323 283 290 317 485 63
254 153 87 429 183
255 398 69
256 210 109 49 183 361 163 18 332 498 404 828 291
257 317 271 176 500 210 190 451 171 261 6 900 186 265 81 71 40 206 169 165 376 463 46 241 217 208 61 638 230 239 371 116 28 23 295 326 124 111 377 374 149 74 935 14 378 17 486 21 42 478 827 640 505 412 35 53 163 69 188 357 86
258 580 200 438 382 42 198 664 62 553 413 71 324 166
259 396 738 88 56 90 175 124 241
260 207 357 106 439 64 251 189 291 293
261 61 93 179 107 110 133 42 29 6
262 64 313 478 376
263 143 448 343 50 212 171
264 680 109 347 208 169 86 322 174
265 323 142
266 192 338 871 75 104 213 29 32 281 369 564 204 545 486 348 222 53 110 175 93 183 48 206 145 139 523 159 337 61 228 530
267 93 375 189 235 731 12 6 585 41 172
268 187 168 38 475 627 11 13 29 212 14 331 536 171 585 49 184 326 269
269 189 317 304
270 175 104 256
271 87 317 284
272 749 76 267 56 150 93 42 44 82 259 364 186 49 325 731 257 437 714 754 384 225 219 240 11 17 206 128 45 83 276 159 72 341 75 123 67 29 295 241 649 54 478 235 64 157 189 24 165 129 135 152 79 208 427 184 169 174 149 175 35 15 63 357 660 86
273 41 421 96 38 22 216 487 275 284 269 12 400 423 181 195 198 445 384 69 37 124 307 59 368 258 475 152 705 209 56 730 87 179 412 95 93 116 791 279 28 292 702 175
274 502
275 646 59 53 37
276 353 378 104 242 35 87 451 676 92 72 48 227 532 69 208 56 28 422 816 262 293 73 22 217 58 119 192 155 286 362 240 169 678 245 871 268 508
277 460 34 317
278 189 539 375
279 142 525 93 69
280 66 676 582 27
281 14 810 81 57 402 64 690 4 524 86 478 577 346 331 187 351
282 290 265 758 441 291 310 193 77 337 61 119 182 28 151 93 31 275 472 326 138 439 75 50 13 81 14 382 481 144 171 84
283 84 433 256
284 331 524 433 454
285 627 6 738 422 545 26 104 179 85 731 374 47 608 277 128 645 574 680 204 982 76 503 337 774 299 150 222 664 860 230 172 237 105 213
286 38 5 69 511 209 744
287 328 256 556 465 559 139 218
288 239 356 42 216
289 256 317
290 87 604 98 792 256 214 330
291 256 283 588 284 317 366 328 457 302 652 189 567 465
292 502 284 465 345 445 183
293 139 445 256 189
294 2 743 485 135 217 231 75 115 93 242 69 41 380 286 81 121 856 104 275 256 564 388 117 56 290 12 488 439 842 219 267 72 253
295 109 551 193 66 87 9
296 580 35 93 124 242 190 198 32 6 374 29 175 432 42 41 28 21 179
297 709 791 98 174 214 604 516 37 529 63 406 319 86 323 920 2 185 31 130 646 328 218 689
298 116 400 20 220 168 15 165 470 730 206 38 167 338 5
299 50 241 304 421 568 175 284 12 29 305 32 41 391 57 644 75 30 815 470 69
300 59 206 189 61
301 545 177 836 355 293 145 10 258 13 470 75 291 4 12 810 500 151 501 24 481 54 278 392 50 400 606 452 168 455 213 540 426 179 286 456
302 192 475 239 104 49
303 84 291
304 290 81 77 227 172 724 204 627 175 145 500 155 192 85 804 119 135 207 193
305 183 189 256
306 294 268 33 148 317 932 618 7 59 889 37 246 730 38 579 52 87 5 519 548
307 24 208 256 267 179 241
308 197 8 517 219 338 432 295 671 257 69 628 636 38
309 256
310 955 246 460 539 607
311 581
312 525 93 399 361 447 660 246 767
313 432 628 563 850 707 69 160 221 538 1110 138 320 33 737 511 519
314 199 402 674 291 111 311 656 58 6 313
315 47 48 564 684 174
316 79 41 92 69 93 531 508 22 38
317 646 585 146 336 402 475 348 20 38 432 439 29 10 95 713 19 447 45 113 355 104 279 554 0 118 319 444 243 39 412 460 356 138 212 69 22 119 71 184 327 173
318 174 812 171 151 38 129 50 267 731 88 310 299 509 110 212 172 183 283 200 75
319 163 159 267 204 509 150 382 269
320 564 337 139
321 256 84
322 57 50 21 273 387 60 93 13 67 200 337 138 413 91 171 457 281 434 249 48 312 572 18 42 76 149 89 86 192
323 328 665 317 597 905 570
324 48 317 42 439 190 455 642 983 175 47 61 206 204 384 163 35 111 173 67 564 135
325 451 743 22 106 357 348 564 46 6 276 59 422 74 206 61 624 432 267 198 176 104 257 75 326 190 171 143 175 155 250 43 79 29 71 376 425 69 235 124 38 647 690 5 337 213 81
326 104 649 208 406 175
327 304 459 379 93 57 80 2 31 45 187
328 188 44 492 505 190 21 293 656 595 420 474 72 69 672 733 848 107 286 380 180 382 204 998 251 159 542 669 790 432 326 247 92 783 336 401 621
329 145 75 183 317
330 232 510 827 412 771 336 892 307 600 353 219 53 378 639 149 591 80 116 33 69 92 184 231 480 145 434 363 737 640 129 206 350 342 135 8 326 164 29 304 82 439
331 95 536 20 86 475 185 37 284
332 33 185 445 52 87 157 757 320 939 38 360 559 766 275 511
333 338
334 581 291
335 684 427 38 317 448 71 104 93 458 35 500 119 6 46 432 242 81 198 227 60
336 138 21 72 505 62 174 227 494 164 80 44 165 190 71 222 6 500 67
337 634 478 41 621 395 188 805 200 404 161 175 62 208 277 659 17 703 719 147 413 135 260 6 245 69 71 763 227 192 230 394 432 326 204 107 171 179 244 140 473 532 453 28 311 42 370 67 120 239 471
338 291 35 580 41 500 163 434 67 231 530 12 183 283 245 58 256 242 66 433 313 684 93 164 175 46 241 274 324 299 540 139 171 71 60
339 317 249
340 256 317 1099 360
341 29 185 797 38 266 276 43 45 91 53 256 49 326 95 32 30 271 348 470 116 31 228 357 316 400 179 22 257 816
342 87 139 5 179 143 24 33 38
343 169 104 189 142 183 684 18 284
344 46 135 60 216 41 15 257 164 92 93 242 104 478 117 307 62 71 400 183 97 336 261 35 232
345 154
346 506 241 245 1018 749 404 380 135
347 219 433 293 70 93 109
348 355 432 187 413 71 228 60 245 642 376 161 46 311 21 15 198 239 42 22 143 86 136 580 29 230 271 184 786
349 20
350 374 433 75 813 93 712 770 27 761 41 154 604 721 14
351 183 139 433 256
352 183 169 104 344
353 139 465 317 256
354 432 67 863 169 42 165 204 80 317 564 152 17 92 242 326 362 71 21 135 172 109 66 190 241 342 230 271 48
355 628 676 338 256 8
356 187 110 444 624 50 208 13 388
357 80 682 143 30 164 432 67 177 378 28 160 704 235 198 240 357 204 413 111 453 367 471 508 566 77 212 241 434 26 163 169 232 338 79 771 106 12 438 346 93 490 32 171 145 69 41 247 165 135
358 664 16 206 261 58 33 173 29 169 136 400 163 60 85 69 404 61 326 17 175 6 259
359 326 175 824 29 863 80 15 316 206 936 511 314 195 626 78 277 456 220 5 40 320 250 61 177 437 381 14 820 734 93 87 624 28 759 75 50 113 168 12 455 202 912 64 524 434 716 336 59
360 168 177 536 81 20 264 119 37 16 808 179 54 720
361 41 38 29 212 15 61 175 12 509 24 53 313 84 94 801 86
362 38 118 475 59 400 50
363 347 104 317 259 179 163 42 44 4 21 187 168 175 505 86
364 206 85 152 41 317 135 147 21 404 401 996 179 6 168 80 24 46 111 93 890 553 271 367 592 425 241 163 104 38 17 505 67
365 380 2 93 548 646 218 98 351 257 323
366 174 291 486
367 299 50 90 109 106 478 220 554
368 224 262 674 206 402 98 687 29 110 341 505 562 349 446 155 328 912 307 600 168 184 41 554 754 439 255 195 871 185 462 69 276 317 454 449 5 235 394 71 50 370 459 585 58 116 755 427 138 478 6 795 560 524 447 949 127 388 559 703 87 705 182 183 171 99 242 209 381 851 27 487 351 452 1013 17 584 278 270 144 475 172 659 140 360 866 64 34 525 271 169 374 472 156 81 193 358 159 443 142 304 609 119 305 143 21 803 137 160 338 154 61 536 175 189 179 548 425 77 444 800
369 400 12 143 213 179 41 6
370 347 69 673 257 81 29 30
371 713 601 895
372 13 343 168 299 132 22 455
373 337 649 48 317 205 394 304
374 317 4 54 53 278 241 31 56 206 121 32 226 224 38 638 164 387 447 171 13 23 305 187 79
375 179 41 75 183 93 70 87 582 307 69
376 32 27 21 733 218 69 42 241
377 20
378 485 581 274 289
379 104
380 310 831 50 28 1056 817 382 733 172
381 517 33 295 564 37 219 174 322
382 739 601 776 428 153 744 477 749 205 389 653 651 283 302 828
383 220 235 292 500 152 293 75 193 93 427 145 50 17 67 326 179 234 448 347 241 384 150 42 643 206 540 62 290 244 564 31 413
384 932 222 326 307 29 53 5 185 93 22 138 92 79
385 85 29 564 93 183 317 143 404 804 219
386 882 368 84 284 291 556 256 34
387 17 6 432 62 42 401 506 21 120 188 60 245 200
388 361 71 104 29 580 174 188 324 48 60
389 738 774 183
390 755 548 354 475 66 130 20 98
391 246 432 228 38 54 67 245 200 471 566 863 25 390 242 572 244 231 163 174 382 347 75 277 974 102 364 182 337 329 48 230 165 987 91 240 672 310 500 6 217 190 71 31 326 43
392 189 139 169 104 536 183
393 171 24 432 58 67 271 159 179 104 72 69
394 93 63 522 193 313 84 371 87 475 329 525
395 72 369 37 107 210 41 179 256 511 705 305 30 129 118 50 137 86 90 81 56 109 117 689 12 636 801 121 32 338 522 29 661 322 216 69 93 77 209
396 53 173 98 29 30 338 241 104 341 12 69 257 530 22 75 258 80 278
397 317 256 275 257 93
398 183 7 218 249 197 684
399 35 135 139 334 293 384 93 25 142 230 1046 186 246 485 54 481 592 97 562 906 499 147 568 277 140 91 136 464 476 822 22 331 527 179 124 291 357 625 171 425 292 20 326 146 220 512 931 92 432 934 240 237 556 482 29 120 372 131 912 674 183 554 3 238 71 438 353 299 15 475 561 245 645 261 271 506 509 14 227 540 56 201 426 81 50 222 256 484
400 251 175 145 627 357 155 204 360 394 337 104
401 580
402 360 836 256
403 189 445 87 291
404 204 935 868 664 85 804 458 291 304 493 484 347 175 77 104
405 56 104 207 139 87 183
406 256 224 900 388 56 657 922 278 511 348 95 168 547 131 207 7 175 276 524 813 985
407 69 171 163 175 33 15 80 137 71 189
408 361 155 93 27 104
409 105 347 204 1163
410 197 905 855 954 553 394 502 70 567 428 793 147 128 665 150 466 34 18 318 277
411 69 56 116 208 41 104 257 412 139 347 90 12
412 699 612 249 375 87 27
413 275
414 508 337 853 608 104 20
415 330 174 169 104 469 785 445 302
416 141 61 41 79 948 887
417 284 20 283 465 276 744 116 366 256 130 56 139
418 50 49 478 819 817 271 144 806 171 505 513 0 877 245 24 439 23 337 175 104 437 557 357 260 668 291 444 784 93 116 798
419 30 171 49 28 110 33 832 143 269 151 338 14 427 384 217 13 79 80 241 179 308 803 212 213 343 2 175 169 45 53 41 220 439 278 404 299 137 119 276 402 353 159 104 81 432 149 480 564 42 135 76 754 58 189 168 77 472 293 177 93 201 145 71 72 351 116 59
420 116 271 554
421 394 227 564 275 152 347 190 384 62 346 371 848 72 874 110 267 124 262 169 34 174 42 175 995 69 743 150
422 204 347 76 344
423 205 467 84 109
424 193
425 424 447 388 116 569 507 137 450 470 483 146 838 81 195 30 1005 123 1052 61 454 556 373 258 270 93 668 98 714 472 871 189 43 707 999 104 1085 41 819 95 400 70 28 2 380 544 59 50 12 801 327 951 75 295 844 224 510 846 32 29 379 568 600 495 257 353 56 657 631 6 740 256 751 276 79 49 86 305 644 133 768 171 87 928 671 177 191 661 296
426 291
427 326 149 135 179 107 222
428 163 169 177 49 225 476 61 21 433 183 50 716 57 357 510 944 64 131 369 334 402 346 75 175 261 281 38 863 645 29 81 17 69 355 164 198 84 132 642 186 582 478 220 152 13 240 41 92 133 135 432 12 640 317 337 338 276 190 312 235 32 71 104 213 173 592 425 310 204 143 325 376 299 672 124 62
429 392 969 0 137 1027 306 583 746
430 325 6 47 143 192 163 42 334 674 532 67 164 97 890 244 310 62
431 271 16 594 422 14 206 50 87 104 92 75 22 182 885 61 31 38 264
432 174 175 530 193 169 109 37
433 172 29 145 540 448 72
434 245 189 371 175 291 57 213 183 290 143 6 246
435 116 15 184 371 19 43 381 110 45 201 50 229 49 144 554 189 93 81 12 187 17 374 379 59 69 585 718 2 86 858 32
436 337 30 38 92 6 121 11 54 371 93 296 46 14 58 118 137 367 80 241 17 116 28 69 104 480 212 168 122 497 166 32 61 22 50
437 291 848 479 183 684 851
438 93 551 169 189 48 183 460 1070 104 530 667 323 607 337 257
439 38 201 22 46 447 115 189 154 308 13 86 140 275 983 95 43 524 263 110 356 79 912 338 193 29 59 143 1055 435 37 30 354 402 292 185 146 75 262 374 369 56 61 585 705
440 38
441 169
442 220 69 105 50 124 175 147 135
443 284 1042 835 630 465 366 588 653 556 902 842 433 375 391 139 7 1128 84 757 34 766 1064 189 539
444 582 274 208 487
445 108 162 646 529 31 209 319 985 20 549 702 87 499
446 530 50 12 33 180 81 401 179 189 21 135 44 363 509 475 5 478 367 802 159 72 413
447 326 754 284 168 93 14 61 17 104 206 187
448 33 470 432 41 98 258 45 298 235 31 179 12 137 83 59 169 69 276 400 356 338 161 294 61 1152 513 292 150 480 195 228 489 966 306 357 826 92 81 443 0 656 238 186 198 592 253 846 93 852 979 140 973 5 636 32 177 54 379 726 438 95 271 79
449 331 118 1000 841 108 838 832 213 174 524 214
450 319 206 470 41 50 42 93 8 299 309 220 59 185 104 198 338 193 400 308 556 355 58 49 92 404 179 98 4 7 79 189
451 337 175 347 109 530 233
452 393 133 175 69 500 208 505 629 310 582 41
453 50 376 206 42 566 139 313 486 155 603 581 165 49 75 27 367 81 607 242 227 17 163
454 104 369 75 164 337 190 242 225 585
455 317
456 1006 185 304
457 779 738 581 185 29 93 976 183 116 10 628 620 992 84 30
458 41 540 159 394 289 256 608 107 229 67 225 291 93 109 86 785 438 564 422 29 245 369 250 545 338 17 413 432 104 205 138 361 707 190 10 553 90 561 312 315 175 674 439 324 337 119 327 310 150 1079 47 425 79 177 172 38 382 278
459 41 12 278 22
460 21 210 71 336 595 307 503 53 80 152
461 90 380 69 372 257 149 264 341 494 67 760 85 347 109 505
462 485 34 457 881 275 391 12 154 361 218 284 2 98 27 749 330 256 588 418 93 368 612 925 962 646 668 880 744 1162 1114 295 468 801 351
463 275 109
464 607 76 189 394 382 291 337 183 175 225
465 293 480 871 144 168 72 29 278 75 86 32 38 174 554 257 93 135 15 342 214 44 45 236 212 887 381 184 119 264
466 360 70 218
467 338 348 355 298 227 177 242 672 4 159 43 168 60 53 1012 5 6 49 29 642 45 245 95 376 149 59 93 79 57 41 75 64 325 271 224 198 863 186 887
468 61 145 554 858 201
469 177 330 402 198 93 614 2 12
470 86 165 159 172 361 93 525 72 166 306 130 71 393 673 756 182 409 204 168 313 410 26 177 44 1151 105 1 189 914 773 143 681 222 812
471 320 200 432 455 355 87 189 439 28 175 647 745 258 459 104 38 179
472 433 361 836 104
473 110 140 191 346 271 580 256 413
474 235 63 1118 220 317 412 1082 214 450 357 124 183 212 937 451 228 364 227 104 175 190 48 119 508 337 261 133 458 207 112 85 53 200 491
475 347 98 522 646 447 586 37 2 118 170 185 907 943 130
476 1167 908 986 607 479 757 893 776 429 954 414 477 901 1170 502 109 1092 955 1093 391 256 274
477 460 256 70 713
478 59 81 43 177 278 308 12 168 93 705
479 45 41 299 58 31 227 15 228 131 220 206 24 193 135 621 93 28 171
480 457 567 778 317 330 302
481 185 257 513 159 313 485 98 38 651 295
482 822 171 810 56 4 86 562 427 659 536 206 161 245 514 152 64 212 446 472 256 257 276 45 179 858 471 168 11 938 21 449 32 28 139 38 211 374 78 209 513 30 284 159 116 585 644 320 17 185 137 376 18 270 71 170 19 104 524 10 661 803 344 113 434 186 554 50 600 1029 730 42 348 438 346 304 271 91 191 34 6 915 475 292 356 175 75
483 87 93
484 134 609 41 309 707 145 69 200 554 263 96 81 47 171 320 671
485 12 256 200 447 93 348 185 211 28 76 107 700 271 104 177 15 2 388
486 14 45 413 49 145 470 224 21 4 355 29 116 402 174 140 384 184 12 863 286 179 298 41 277 379 93 44 72 545 292 159 376 356 163 135
487 256 159 139 113
488 930 1144 284 93 1032
489 169 15 494 609 188 374 173 213 58 71 93 81 550 242 674 236 439 257 143 642 63 760 190 67 28 85 73 148 271 168 104 684 230 177 554 250 830 26 23 106 200
490 146 93 329 81 12 307 41 827 124 481
491 116 204 244 227 35 202 5 168 54 241 596 163 338 453 169 326 175 92 404 206 67 171 346 41 240 104
492 75 274 317 801 249 613
493 347 964 799 668 942 522 604 86 95 323 249 475 907 37 445 536 118 101
494 56 400 486 69 93 50 317 37
495 602 317 684
496 208 158 175 193
497 44 112 204 183 93 371 104 139 211 291 84
498 441 80 724 135 67 376 176
499 684 49 43 608 26 42 467 133 28 404 105 291 205
500 145 592 12 144 150 425 171 235 413 136 394
501 149 257 61 164
502 174
503 457 317 105 360
504 256 307 718 721 338 646 38 323 69 705 284 160 261 95 39 6 75 242 2 152 37 121 190 295 257 531 421 313 604
505 338 5 183
506 241 357 67 186 228 21 107 259 80 104
507 475 59 179 819 316 146 511 326 376 432 1005 88 134 450 235 585 27 45 725 461 141 187 336 262 745 98 798 264 320 486 938 360 207 487 333 625 356 124 216 443 137 327 19 32 699 631 152 220 305 169 455 139 444 707 400 119 84 6 427 600 206 342 592 185 116 1023 28 38 56 212 544 568 209 292 657 1037 241 547 375 522 1125 307 13 347 208 379 2 22 94 279 148 322 966 353 214 95
508 75 135 85 1056 80 603 6 145
509 57 104 62 621 135 54 172 145 17 6 451 111 326 38 31 124 53 553 396 402 192 242 42 590 71 304 46
510 98 177 355 513 195 30 313 356 81 671 45 12 93
511 777 456 313 810 93 755 402 81 12 781 612 59 201 135 278 91 425 355 78 296 213
512 851 183 256
513 61 75 505 124 274 28 186 50 506 7 244 46 41 311 175 200 58 17
514 304 347 564 608 104
515 169 104 304
516 338 387 941 97 582 309 69 166 37 135 117
517 116 38 212 93 64 478 326 124 171 50
518 525 93 66 20 41
519 608 104 76 204 225 63
520 151 175 171 434 166 250 69 206
521 492 855 476 1043 970 129 251 518 150 309 144 278 304 689 26
522 60 342 505 404 230 362 771 719 378 67 307 244 382 126 672 271 42 921 401 149 53 124 6 486 92 179 227 596 232 590 260 488 175 357 242
523 80 363 432 171 77 5 238 143 22 175 14 166 93 239 138 191
524 887 284 235 400 228 143
525 317 111 109
526 354 257 227
527 448 975 713 75 71 867 30 992 486 281 159
528 511 69 38 646 93 233 12 519 928 791 257 70 706 289
529 57 50 119 376 84 132 171 22 49 327 817
530 505 731 67 473 135 324 106 232
531 547 871 445 137 451 258 75 93 426 64 333 179 5 296 450 1074 264 560 694 288 433 597 303 98 402 1040 278 116 308 182 184 94 119 46 256 28 207 434 777 12 475 501 91 583 1011 455 958 487 690 287 467 139 827
532 187 12 98 27 552 256 87 70
533 304 189 93 175
534 564 105 412 67 37 175 83 310 463 271 926 351 603 269 408 804 61
535 41 432 486 17 6 15 72 607 46 564 341 5 38 204 441 48 497 23 493 357 190 629 116 227 348 347 326 737 758 73 449 187 642 286 269 256 168 67 219 64 586 74 591 262 84 185 93 455 122 236 317 189 155 594 39 13 30 90 126 151 528 508 590 220 337 127 427 378 676 79 61 274 530 205 538 63 257 104 276 49 420 37 56 87 353 171 29 28 42 346 141 139 338 35 71 382 124 720 105 109 175 500
536 213 143 119 93 43 278 189
537 608 225 142 204 564 48 491 193
538 46 674 206 529 13 171
539 105 291 441 104 189 368 684
540 454 525 119 438 50 425 206 690 439 144 317 139 343 38 357 271 230 81 13 142 214 475 33 104 146
541 146 495 402 320 544 611 628 98 316 697 69
542 337 608 31 93 317 169
543 332
544 27 552 559 18 468 687 87 51 284 256
545 98 13 86 455 50 305 754 997 64 151 130 79 201 116 4 338 402 61 526 554 314 292 10 671 266 355 271
546 29 59 50 49 356 168 64 45
547 38 346 206 42 49 944 299 564 171 87 187 59 439 681 77 61 80 175 63 48 200 50
548 246
549 198 163 216 137 517 23 116 304 56 124 30 338 69
550 104 326 369 204 61 6 150 361
551 348 264 863 174 138 664 449 754 401 592 5 206 949 603 71 948 452 384 227 802 404 35 87 303 56 278 627 253 13 38 133 175
552 12 357 93 24 209 81 296 8 202 263
553 152 435 427 212 86 487 137 224 173 357 819 636 38 213 278 456 28 187 104 444 171 69 33 116 61 119 166 32 42 290 46 133 604 544 81 1028 303 455 118 209 179 110 15 365 952 313 258 235 80
554 118 347 291
555 1020 56 256 827 202 93 41 218 295
556 996 369 144 603 172 941 150 147 486 393 926 458 890
557 398 104 605 175 662 204 215 847
558 235
559 84 749 361 582 918 284 738 842 183 109
560 104 93 350 257 219 371
561 48 208 63 12 639 530 31
562 371 394 283 819 275 284 93
563 396 235 405 15 48 478 205 179 150 247 149 17 151 143 46 362 509 175 217 227 206 277
564 346 42 471 50 179 59 38 432 15 185 33 35 336 201 12 212
565 525 687 971 108 725 112 529 354 214 475 854
566 781 249 624 81 965 785 1066 160 1074 86 266 549 699 365 110 137 15 423 355 187 306 55 156
567 42 276 396 75 33 257 206 104 621 164
568 61 53 649 143 79 75 50 93 6 230
569 30 81 59 6 206
570 137 305 195 256 124 22 79 646 348 517 98 185 10 30 279 116 59
571 264 308 75 109
572 323 193 347 169 63
573 198 93 59 168 174 425 136 143
574 465 284 87 360 105 328 332 274 955 875 539 828 721 652 246
575 183 42 190 338 67 175 75 329 53
576 72 317 133 310 93
577 313 41 554 80 351 104 159 59 348 137 185 24 544 490 720 645 121 256 12 450 329
578 13 357 338 262 50 57 360 594 61 79 257 216 267 198 376 53 430 116
579 93 356 45 394
580 75 50 343 42 239 38 472 674 191 21 14 17 140
581 684 341 291 72 839 12 571 93
582 104 604 86 380
583 478 2 507 278 172 32 53 257 636 233 166 38 59 305 668 30 470 45 603 642 41 329 12 75 72 81 93
584 86
585 317
586 317 256 204 104 139 350
587 350 183 317 1142 406 256 84 175 169 208
588 146
589 18 256 162 882 204
590 108 31 360 1017
591 81 614 331 993 836 179 1119 534 184 435 49 305 768 979 239 384 137 960 86 1001 540 238 12 392 295 256 110 1035 1106 1111 569 495 1040 329 880 278 200 454 843 487 177 499 159 355 20 98 461 187 710 702 320 973 997 228 1027 61 472 832 524 30 95 112
592 274 139 256
593 174 863
594 80 72 30 42 71
595 525 95 214 37 61 185 139 38 119 20
596 1085 104 139 88 256 118 189 551 187
597 50 1032 75 69 149 72 183 58 177 30 264 43 29 256 61 217 168 636 291 875 286 412 241 714 206 84 712 99 308 165 480 958 493
598 148 820 30 519 45 233 356 305 174 171 803 86 5 636 62 42 81 524 338 18 771 29 631 184 993 2 198 41 12 72 107 743 965 464 432 228 216 168 95 6 166
599 284 366 313 328
600 683 505 228 81 163 14 42 67
601 104 151 194 616
602 98 2
603 229 545 476 48 42 553 172 77
604 67 135 186 227 42 50 131 404 357 232 149 664 378 789 85 206 107 171 80 92 595 17 58 33
605 61 80 22 49 109 585 71 75 10 564 439 187 116 38 15 177 381 214 150 35 452 276 132 485 29 124 93 299 104 478 326 143 353 201 174 594 92
606 171 218 427 116 32 224 175 93 445 69 342 269 80 585 400
607 105 183 291 304
608 29 278 177 13 394 115 44 14 536 159 116 81 256 184 183 293 72 284 50 277 38 75
609 400 42 60 41 61 81 434 177 99 201 585 471 67 32 28 14 93 59 21 29
610 347 175 79 30 425 28 376 206 228 75 62 508 179 104 86 307 32 58 338 90 6 69 82 41
611 183 317 139 34
612 313 421 323 175
613 90 441 109 7
614 31 69 175 159 46 304 92 44
615 12 432 22 116 402 400 29 168 356
616 362 111 227 124 506 35 731 71 69 247 642 138 216 346 374 177 1004 6 150 305 256 46 149 505 674 91
617 59
618 222 6 21 99 50 245 230 506 62 271 505 400 129 124 53 1004 242 425 29 24 97 44 175 204 41
619 93 193 175
620 116 317 189 256
621 540 86 44 119 29 168 476 28 41 184 478 271 72 21 179 143 22 413 80 177 448 45 32 159
622 337 206 17 169 184 451 50 204 439 13 208 150 92
623 365 353 740 525 313 21 27 81 28 61 72 179 104 116 112 41 402 29
624 475 214 209 175 256 447
625 638 183 291 342 222 478 656 991 124 281 67 131 202 367 338 311 559 175 33 463 201 190 304 43
626 292 75 15 179 24 258 488 93 858 61 355 90 141 31 4 276 554 167 444 41 139
627 175 38 445 67 256 30 139 75 79 92 124 193 206 93 209
628 185 175 12 93
629 334 77 86 31 336 44 75 367 304 93 124 293 175 21
630 676 336 33 432
631 631 93 832 257 816 524 53 646 661 11 189 87 305 177 29 20 30 12 348 10 525 75 313 270 168
632 256
633 862 580 92 6 113 621 931 86 59 376 656 455 271
634 848 274 34 559 59 139 205
635 326 49 38 61 198 54
636 227 696 175 59 573 261 1161 676 124 441
637 206 336 7 80 434 16 227 135 124 500 486 357 38 236 92 71 151 303 67 35 46 642 198 58 617 190 376 267 261 179 228 6 116 75 143 81
638 612 389 328 391 51 613 744 65 588 653 465 18 882 87 836
639 193 394 20 467 175 90 816 839 332 37 344 572 556 218 86 665 930 995 347 257 689 337 93 284 421 721
640 505 242 396 425 60 42 62 30 21 6
641 147 317 256
642 50 355 2 275 284 174 548 170 86 402 495 370 631 394 59 323 177 348 1027 30 98 29 185 116 989 820
643 139 337 93 20 104 34 204 174 433
644 256
645 143 28 111 169 212 42 60 342 376 206 71 200 235 13 175 216 29 137 79 259 12 116 57 38 478 41 220 50 978 338 413 98
646 376 6 506 260 438 451 139 21 67 186 161 317 120 190 50 235 580 53 80 93
647 93 12
648 361 291 566 427 17 1019 848 312
649 164 66 200 124 69 674
650 329 423 307 69
651 177 278 281 145 81 93
652 258 69 32 50 5 184 116 212 1081 61 30 56 475 175 41 646 29 443 671
653 93 193 50 48 72 257 204
654 856 50 79 146 59 224 22 21 376 1029 38 43 61 264 92 86
655 171 106 346 97 64 28 113 13 166 60 227 296 434 402 21 24 239 236 163 137 145 184 98 234 5 46 436 384 206 174 228 413 50 61 107 275 374 200 261 175 177 455 135 643 192 731 0 313 172 91 235 38 108 353 262 179 42 376 14 381 119 49 150 244 165
656 184 439 50 179 278 93 317 206 556
657 348 81 715 12 41 182 355 29 529 894 305 1031 381 167 212 974 298 370 625 137 832 1012 113 349
658 544 87 313 801 614 283 475 93 295
659 109 350 491 204 1088
660 370
661 366 522 189 607 20 90 162 475 142 95 204 371 109 485 291 118 567
662 475 668 323 854 351 556
663 256 27
664 91 361 129 13 435 487 150 200 290 17 159 172 293 271 147 274 41 44 291 225 670 370 38 476 567 171 278 28 47 481 310 609 422 133 211 174 1041 139 263 545 331 182 455 277 343
665 851 159 42 476 50 310 367 684 581 236 500 1083 586 1014 244 343 982 670 1101 133 47 564 169 350 874 220 289 332 317 254
666 44 159 41 569 187 278 64 887
667 189 175 104
668 93 687 525 499 86 112 20 758 256 646 344 2
669 104 61 120 447 75 337 396 189
670 49 1053 65 212 467 346 104 7 653
671 189 1124
672 29 276 154 143 49 111 38 6 478 230 93 62 22 45 70 705 12 434 849 21 624 116 427 224 338 91 455 24 374 235 958 271 306 425 56 346 187
673 172 17 220 500 64 14 77 145 271 49 276 336 206 13 119 43 212
674 337 317 169 84 57 183 774 186
675 564 400 124 189 135 206 149 336
676 305 44 81 338 6 29 49 86 50 137 72 22 353 177 220 241 79 53
677 29 138 357 497 256 561 190 672 201 136 673 169 473 135 44 434 271 412 374 188 289 277 413 505 437 93 151 332 250 338 492 109 506 337 592 336 6 642 899 380 343 91 50 471 35 645 15 640 681 86 56 38 208 92 166 892 63 346 77 67 183 61 147 64 261 17 88 104 789 165 72 205 464 12 259 281 580 238 239 168 176 82 175 69 362 41 312 324 204 195 30 325 49 621 441 554 241 159 311
678 284 154 12 185 295 93 218
679 45 256 2
680 376 295 144 179 75 182 603 400 331 108 264 292 53 449 41 152 81 547 207 72
681 290 143 192 277 1040 106 179 93 12 451 41 425 554 467 278 38 291 118 46 353
682 271 172 394 43 239 14
683 6 416 121 14 46
684 304 118 755
685 61 49 193 42 179 152 268 220 197 505 84 79 357 530 592 62 231 175 851 159 38 215 606 595 67 207 337 21 656 674 461 60 441 439 870 249 751 54 31 171 313 107 32 433 57 236 636 225 387 242 506 257 58 338 24 245 99 676 384 69 598 1104 350 1033 427 48 162 326 500 341 455 550 172 227 743 532 6 309 81 380
686 455 38 133 61 50 529
687 163 166 62 672 332 899 204 35 42 67
688 983 282 304 208
689 6 173 175 505 63
690 133 730 41 15 175 220 384 149 81 302 284 146 357 408 45 534 27 86 2 373 93 12 168 19 291 119
691 687 557 465 620 291 317
692 291
693 48 104 139 175 169 467 256
694 1067 748 684 109 105
695 286 189 247 12 54 500 77 743 35 44 58 41 175 219 357 179 85 664 1139 605
696 48 317 393 500 175 204 264 105
697 86 529 154 646 185 249 284 27
698 43 69 179 368 642 168 13 169 264 458 185 113
699 256
700 748 109 423 368 296 249 516 507 284 87
701 169 347 104 528 649 406 189
702 183 291 34 189
703 569 150 44 681 159 86 213 49 110 155 20 174 187 72 742 184 271
704 360 256 189 559
705 163 111 42 494 179 116 53 29 312 135 621 259 510 175 336
706 193 347 158 175 508 93
707 219 208 187 551 185 86 174 572 48 118 31 330 350 444 295 284 484 283 104 214 63 475 218
708 646 93 175 187 313 98
709 871 183 552 139 394 177
710 104 564 227 48 326 304 204 291 208 586 484 225
711 260 245 235 69
712 263 131 166 41 38 2 42 425 216 241 621 603
713 317 774 183 992 607
714 29 30 53 295 93 79 44 220 50
715 200 50 124 60 168 212 163 41 478 184 15 29 346
716 110 28 427 4 166 98 185 50 271 438 38 14
717 124 104 135 41 80 175 42 376 29 186 357
718 1100 185 20 12 93 319
719 295 185 275 116 37 264 187 863 38
720 104 48 337 304 76 564
721 84 894 759 402 113 230 22 180 124 433 64 33 159 38 820 585 53 275 54 119 234 91 1048 150 438 175 179 331 857 644 27 556 298 871 604 338 560 730 2 13 79 98 69 45 554 445 146 133 108 110 313 59 168 381 12 191 712 29 93
722 189 360 317
723 81 1089 4 880 218 12 534 836 1074 841 14 213 277 351 108 1137 112 1012
724 291 274 332 774 105
725 152 61 79 304 11 29
726 284 189 187 218 295 257 12 2 27 351
727 87 70 581 291 836 7
728 159 771 135 217 271 175 376 220 458 388 67 50
729 110 149 118 296 72 104 58
730 177 38 179 21 600 216 2 380 516 115 313 519 42 486 50 324 249 478 366 30 367 228 29 86 259 12 32 61 6 116
731 485 801 617 70
732 256 559
733 375 447
734 29 81 190 17 317
735 328 843 338 5 330 511 391
736 64 355 478 304 62 81 256 249 42
737 357 353 379 326 241 248 229
738 643 279 585 1060 355 292 57 374 346 80 166 271 780 91 161 259 928 881 59 296 123 50 1038 12 239 256 284 42 29 1074 116 478
739 509 256 261 206 151 642
740 408 179 2 486 80 166 144 26 75 528 664 69 404 11 104 85 1041 1018 143
741 169 214 206 486 299 184 15 200 33 41 342 110 20 28 228
742 205 183 556
743 408 31 350 338 604 296 145 59 166 1073 182 24 217 234 966 398 568 432 193 782 257 808 71 1100 73 138 38 121 291 74 312 179 5 503 801 250 292 326 564 999
744 530 31 175 249
745 463 149 79 175 91 44 4 163 200 124 357 22 99 30 271 500 177 190 69 50 75
746 256
747 84 27 139 485
748 71 29 38 135 133 307 317 201 342 16 61 41 69 50 53 143 67 276 208 705 81 13 464 743 171 151 11 15 44 331 190 326 93 353 374 362 124 82 227 212 236 554 175
749 14 50 402 690 128 304 17 64 256 41 293 303 355 45 88 425 281 166 28 145 212 384 219 24 299 33 93 191 634 356 271 447 127 260 0 367 42 554 110 30 15
750 295 351 668 132 513 79 218 1127 2 32 257 38 224 604 98 185 964 15 368 652 928 421 1096 305
751 532 42 336 69 166 67 35 175
752 109 284 27 744 467 468 70 87
753 215 304
754 18 284 468 360 317 330
755 249 1113 34 317
756 98 31 445 27
757 402 93 517 450 177 470 53 827 355 32 29 41 216 175 338 801 116 12 305
758 1044 274 84 406 290 317 604
759 15 269 104 284 590 38 10 338 79 413 152 116 75 61 163 299 184 478 53 585
760 168
761 168 22 6 69 29 689 116 139 30 295 12 275 256
762 178 275 241 175 378 338 24 488 92 124 147 179 75 210 453 70 56 1148 152 188 67 596 32 1087 274 135 250 63 336
763 613 375 256
764 241 455 118 256 509 306 188 240 200 343 177 261 630 206 395 49 80 71 38 212 494 731 50 28 451 29 5
765 189 139 183 84 27 66
766 7 441 713 249 256 582 34
767 81 80 324 296 42 57 152 222 991 566 178 432 112 413 72 642 91 357 425 205 69 271 448 273 310 166 38 408 311 53 592 227 111 206 278 164 476 299 179 35 6 15 276 326 43 649 131 32 564 572 434 145 120
768 271 206 180 46 67 17 38 116 505 41 21 230 93
769 21 93 43 62 402 49 838 376 192 104 279 110 198 53 163 41 413 29 849 116 1005 381 256
770 581 249 328 66 283 391 27 467 51 284
771 83 291 50 124 206 242 190 29 241 186 6 97 432 500
772 175 189 283 86 12 254 278 219 60 93 384 179 174 81 257 256 313 394 50
773 256 12 208 347 522 93 433 175 193 304 445
774 93 313 12
775 498 608 664 309 404 595 274
776 41 177 12 168 59 470 43 79
777 216 206 167 71 374
778 312 50
779 234 396 351 180 395 206 447 470 171 324 239 1004 112 21 57 855 165 6 41 505 137 135 190 4 362 93 54 62 500 478 595 107 186 381 378 400 357 966 413 863 212 13 540 247 598 77 168 119 657 160 306 781 448 91 17 449 480 58 743 67 42 405 367 177 12 43
780 174 465 284 361 7 93
781 241 184 108 206 741 355 50 431 62 89 469 28 112 29 60 174 312 38 558 61 5 4 17 476
782 597
783 449 14 29 275 71 584 438 87 98 820 187 646 603 549
784 592 136 478 190 21 599 164 171 6 236 183 912 944 14 75 425 402 245 400 325 53 42 175 264 184 556 916 188 336 353 432 357 802 568 50 849 132 760 636 305 253 376 64 179 70 93 242 49 28 145 12 56 260 966 585 151 261 11 5 291 150 326 566 29 430 241 412 152 397 486 62 364 324 57
785 91 59 95 29 249 81 355 187 348 45 239 98 60 93 212 168 179 12 116 49 334 137 50 132 305 177 271
786 27 328 139
787 275 255 37 141 358 559 56 11 628 61 92 139 70 116 582 274 326 412 220 210 536 21 289 41 69 295 22 95
788 44 303 304
789 201 95 53 202 33 59 85 47 276 75 87 175 32 432 296 404 664 347 999 38 12 135 928 141 295 149 780 235 116 402 642 79 14 28 6 239 104 547 31 119 29 93 98 513 470 41 475 70 338 313 589 367 214 938 13 241 43 486 819 242 189 21
790 104 317 445 601
791 375 189 183 345 256 317
792 338 80 360 70 257
793 277 312 8 56 233 600 27 394 455 45 184 29 69 801 54 4 445 159 28 116 439 554 189 86 67 347 380 151 257 169 195 38 206 87 326 37 262 31 49 44 293 168 79 201 137 75 152 317 43 250 41
794 175 93 208 1033 185
795 67 486 384 53 30 177 721 45 35 283 38 201 621 309 242 400 116 171 193 163 705 135 281 208 42 6 41 12 169 241 257 656 408 790 603 271 32
796 283 500 369 281 278 684 26 174 129 150
797 337
798 179 81
799 135 15 309 862 147 241 310 263 117 261 75 357 445 67 29 338 201 595 227 38 206 493 183 378
800 33 311 56 337 50 28 371 69 169 104 265 159 326
801 516 29 398 267 257 177 201 478 338 75 31 387 423 115 46 121 12 44 35 596 193 827 1039 374 41 550
802 457 208 174 394
803 246
804 1061
805 31 175 304 104
806 41 256 29 346 604 116 216 175 69 328 289 59 70 734 347 183 177 32 81
807 31 393 283 447
808 72 268 827 393 586 183
809 143 69 35 75 337 241 50 201 92 61 497 84 289 90 5 41 432 184 206 38 109 433 255 171 313 15 168 216 412 175 104
810 281 506 325 238 271 17 277 48 204 165
811 67 569 32 247 347 149 195 463 337 651 398 281 204 848 561 432 183 213 532 283 157 404 595 396 367 3 85 192 155 218 963 77 304 107 902 164 369 179 99 1132 338 1012 983 458 53 1146 1105 804 677 54 1150 69 408 257 68 590 720 696 919 545
812 583 373 49 32 174 17 376 356 478 64 304 228 20 310 80 150 353 29 168 303 187 659 28 432 12 91 41 216 140 1095 137 184 218 15 2 81 340 166 355
813 347 86 175
814 57 353 98 241 584 741 1008 472 357 478 705 2 647 206 336 459 138 346 313 137 171 838 892 116 29 201 38 325 432 163 14
815 646 93 4 32 189 1040
816 7 738 34 84
817 755 329 758 162 449 809 256
818 104
819 317
820 93 317 105
821 7 581 27 317 485 256 468 749 445 284 559 300 197 84 801
822 85 406 38 404 69 298 48 500 664 160
823 26 310 422 566 291 104 263 357 486
824 108 212 72 133 286 144 29 20
825 227 113 204
826 222 803 580 236 165 92 212 554 104 397 506 338 29 186 269 93 849 271 86 336 22 900 75 32 163 54 119 110 453 342 62 505 111 230 585 175 50 642 241 124 344 192 53 49 38 324 232 245 59 159
827 96 241 29 208 1028 41 46 264 61 169 4 995 146 56 119 75 81 629 93 109 201 508 242 257
828 146 93 41 351 49
829 262 92 175 71 505 353 242 336 369 271 206 310 40 493 917 169 227 208 21 86 554 42 61
830 309 441 189 283 9 81 2 1138 879
831 166 119 278 93 49 75 12
832 580 163 608 220 50 186
833 249 218 445
834 93 0 209 303 873 166 549 1061 98 747 554 89 745 88 1147 438 534 423 313 434 516 746 40 79 887 17 50 897 661 101 233 856 930 332 283 116 94 177 1129 1106 1039 365 52 600 449 781 250 86 351 1085 808 14 695 335 115 410 12
835 54 264 193 493 72 478 61 143 342 508 219 69 1057 595 307 77 13 21 568 75
836 109 205 581 291 721 183
837 175 40 138 258 443 216 32 87 702 596 413 248 802 116 386 28 30 146 238 38 212 668 425 434 143 140 14 79 8 568 6 49 31 202 5 29 178 33 271 130 642 241 342 374 549 646 513 438 191 659
838 1078 112 1134 189
839 30 230 12 152 37 49 159 79 38 401 331 45 163 241 189 243 202 20 53 64 355 110 374 278 41 93 311 145 67
840 234 271 54 4 93 189 481 475 184 24 59 29 119
841 323 841 43 104 317 637 454 1000 486 256 562 50 306 57 943 30 370 328 1140 1166 14 185 278 131 879 290 191 331 267 170 438 333 406 118 1136 92 174 1100 86 625 1089 150 445 239 608 410 536 609 462 444 187 59 154 421 108 1096 38 522 758 156 465 78 430 20 218 214 706 139
842 20 174 354 894 283 108
843 1168 1028 249
844 17 21 227 542 31 271 590 317 374 93 175 304 580 190 376 256 198 67 179 41 416 453 124 135 42 509 143 206 28 357
845 104 175 201 209 347 93 530 492 171 276 342 400 61 186 69 50 336 92 75 17 99 326 412 235 357 206 124
846 433 84 7 684
847 744 87 70
848 86 93 672 50 171 59 22 159
849 175 447 209
850 53 69 393 236 307 104 458 169 41 129 449 93 38 163 90 29 262 241 595 61 109
851 91 15 73 571 187 508 350 116 139 50 746 204 137 61 26 128 82 262 174 256 38
852 168 22 1109 187 381 755 198 306 75 137 29 1074 91 32 143 709 1160 45 184 30 57 146 524 167 331 49 1161 560
853 1012 54 505 135 276 0 422 145 58 303 432 6 584 81 400 554 230
854 242 41 91 171 149 69 14 61 451 33 220 206 22 53 169 44 29 608 30 45
855 151 448 192 293 271 65 159 169 109 291 539 748 347 90 175 766 895 41
856 24 871 264 179
857 495 306 956 187 249 871 86 56 820 2 356 30 348 154 781 87 340 98 61 657 355 962
858 158 536 12 255 87 104 37 29 689 920 274 93 208 445 720
859 80 53 124 590 642 432 362 304
860 590
861 44
862 29 207 93 50 271 81 355 261 147 46
863 38 46 413 222 324 227 523 505 24 53 436 621 111 346 6 921 890 362 425 741 42 800 71 202 311 62 299 228 242 161 590 251 41 135 169 178 179 666 518 273 108 763 72 79 286 163 104 164 478 1116 672 244 357 97 397
864 271 38 200 50
865 86 12 56 166 116 38 681 219 17 43 53 402
866 227 351 188 41 259 649 133 281 13 341 69 54 93 381 43 166 173 11 165 228
867 187 347
868 313 720 104 291
869 323 755 767 20 317 896 444 204 118 785 108 256 548 130
870 284
871 540 448 570 756 476 310 150 312 26 528
872 564 804 553 145 76 75 347 911 627 458 73 317 817 595 85 50
873 413 15 425 28 276 643 245 206 179 48
874 93 169 44
875 241 357 61 116 175 135
876 299 180 284 139 41 29 271 413 17 355 289 780 57 50 4 402 425 353 59 451 18 15 434 674
877 256 87 284 475
878 460
879 12 93 31 174
880 524 14 12 841 1120 81 98 2 256 425 200
881 256 183 445
882 256 175 98 101 104 365 720 549 12 93 37 287 2 214 189
883 145 476 1164 564 422 172 244 1153
884 738
885 785 20 169 943 193 522
886 256 159 597 17 63 189 69 251 143 245
887 433 256 139 34
888 171 20 437 758 317
889 78 560 229
890 249
891 86 185 275 44 12
892 1000 187 354 175 95 2 328 169 101 646 536 275 755 345 204 323 108 20 920
893 264 308 49 13 61 64 475 904 92 208 636 8 121 63 323 75 549 69 59 563 143 239 141 718
894 284
895 291 249
896 372 551 219 1150 571 329 573 350 1123 847 750 525 175 231 215 268 630 491 608 1124 347 317
897 20 709 156 187 256 317
898 256
899 84 433 34 139 175 174 779 317
900 522 347 162 204
901 848
902 439
903 93 29 291
904 361
905 256
906 289
907 433
908 317
909 574 183
910 183
911 291
912 218
913 225 448 223
914 190 175 206 642
915 175 93
916 256
917 109
918 721
919 256
920 175 169
921 291
922 87
923 37
924 139
925 256
926 256
927 304
