org_id remap_id
253 0
286 1
200 2
122 3
38 4
160 5
278 6
287 7
246 8
242 9
249 10
99 11
25 12
59 13
290 14
42 15
138 16
60 17
57 18
127 19
225 20
291 21
267 22
279 23
119 24
90 25
166 26
271 27
168 28
44 29
264 30
72 31
222 32
305 33
213 34
80 35
292 36
232 37
161 38
148 39
97 40
272 41
151 42
6 43
303 44
36 45
295 46
233 47
307 48
113 49
189 50
218 51
301 52
145 53
296 54
16 55
77 56
13 57
187 58
170 59
184 60
69 61
294 62
142 63
21 64
197 65
269 66
180 67
256 68
263 69
293 70
125 71
174 72
250 73
137 74
54 75
10 76
128 77
56 78
308 79
230 80
239 81
245 82
118 83
283 84
226 85
280 86
1 87
117 88
274 89
188 90
22 91
8 92
208 93
7 94
276 95
159 96
146 97
236 98
186 99
207 100
87 101
92 102
270 103
216 104
173 105
235 106
297 107
18 108
68 109
89 110
221 111
201 112
150 113
2 114
83 115
24 116
185 117
62 118
311 119
210 120
152 121
14 122
175 123
313 124
63 125
66 126
206 127
314 128
248 129
23 130
262 131
285 132
37 133
165 134
176 135
19 136
58 137
244 138
312 139
141 140
94 141
4 142
130 143
288 144
70 145
199 146
121 147
64 148
85 149
144 150
310 151
11 152
156 153
45 154
115 155
95 156
147 157
71 158
182 159
109 160
282 161
304 162
164 163
73 164
158 165
316 166
49 167
306 168
227 169
240 170
31 171
65 172
215 173
79 174
214 175
209 176
261 177
9 178
196 179
134 180
247 181
251 182
30 183
84 184
190 185
112 186
203 187
74 188
177 189
5 190
319 191
67 192
198 193
260 194
223 195
204 196
318 197
320 198
234 199
131 200
217 201
178 202
53 203
123 204
104 205
28 206
298 207
34 208
43 209
315 210
47 211
48 212
93 213
61 214
50 215
114 216
124 217
154 218
237 219
277 220
195 221
76 222
46 223
322 224
78 225
330 226
143 227
179 228
268 229
75 230
96 231
254 232
86 233
194 234
133 235
136 236
52 237
224 238
326 239
328 240
323 241
98 242
167 243
257 244
162 245
91 246
332 247
126 248
334 249
325 250
327 251
157 252
324 253
39 254
132 255
331 256
339 257
321 258
116 259
219 260
82 261
211 262
106 263
252 264
231 265
344 266
169 267
12 268
120 269
26 270
220 271
343 272
347 273
317 274
55 275
342 276
241 277
309 278
103 279
3 280
340 281
345 282
191 283
333 284
354 285
255 286
258 287
183 288
149 289
348 290
351 291
362 292
356 293
363 294
365 295
350 296
357 297
371 298
346 299
153 300
373 301
193 302
111 303
299 304
105 305
372 306
259 307
367 308
33 309
341 310
273 311
15 312
366 313
370 314
108 315
352 316
374 317
378 318
243 319
329 320
100 321
381 322
88 323
360 324
379 325
139 326
337 327
385 328
380 329
387 330
265 331
388 332
172 333
107 334
361 335
338 336
389 337
392 338
364 339
228 340
394 341
377 342
390 343
397 344
289 345
382 346
369 347
398 348
181 349
393 350
384 351
192 352
353 353
383 354
368 355
399 356
406 357
391 358
405 359
336 360
395 361
81 362
402 363
409 364
403 365
376 366
212 367
416 368
411 369
412 370
300 371
401 372
413 373
417 374
425 375
415 376
101 377
335 378
27 379
358 380
422 381
427 382
429 383
421 384
433 385
428 386
426 387
419 388
229 389
438 390
437 391
423 392
407 393
432 394
435 395
447 396
359 397
408 398
450 399
420 400
202 401
404 402
418 403
449 404
414 405
436 406
455 407
444 408
439 409
440 410
453 411
451 412
238 413
430 414
424 415
442 416
462 417
452 418
457 419
20 420
458 421
349 422
284 423
17 424
472 425
410 426
41 427
474 428
471 429
469 430
478 431
473 432
480 433
464 434
484 435
468 436
448 437
486 438
487 439
135 440
461 441
492 442
489 443
445 444
434 445
479 446
494 447
495 448
477 449
493 450
467 451
456 452
499 453
491 454
129 455
386 456
466 457
503 458
51 459
498 460
500 461
507 462
32 463
463 464
514 465
281 466
506 467
488 468
513 469
523 470
504 471
475 472
505 473
524 474
518 475
519 476
511 477
528 478
508 479
531 480
459 481
532 482
509 483
496 484
533 485
536 486
454 487
517 488
535 489
497 490
527 491
443 492
534 493
512 494
355 495
501 496
526 497
537 498
539 499
481 500
465 501
266 502
520 503
548 504
375 505
522 506
551 507
543 508
553 509
545 510
541 511
547 512
556 513
460 514
540 515
561 516
538 517
563 518
558 519
542 520
565 521
567 522
562 523
476 524
29 525
576 526
557 527
546 528
559 529
568 530
588 531
550 532
549 533
566 534
592 535
579 536
590 537
530 538
574 539
593 540
586 541
569 542
570 543
589 544
577 545
554 546
605 547
446 548
600 549
591 550
608 551
601 552
606 553
525 554
603 555
585 556
581 557
573 558
611 559
582 560
595 561
597 562
615 563
618 564
599 565
620 566
583 567
613 568
575 569
619 570
521 571
470 572
623 573
628 574
560 575
516 576
621 577
627 578
483 579
610 580
555 581
614 582
622 583
441 584
140 585
624 586
634 587
110 588
609 589
637 590
642 591
587 592
612 593
625 594
630 595
636 596
640 597
648 598
644 599
650 600
604 601
396 602
639 603
645 604
629 605
653 606
651 607
654 608
632 609
643 610
616 611
649 612
635 613
658 614
638 615
659 616
633 617
664 618
490 619
598 620
661 621
667 622
676 623
674 624
666 625
682 626
663 627
602 628
669 629
617 630
671 631
510 632
691 633
673 634
690 635
655 636
686 637
688 638
697 639
670 640
626 641
705 642
701 643
584 644
694 645
704 646
700 647
675 648
683 649
665 650
698 651
709 652
680 653
715 654
716 655
679 656
712 657
580 658
662 659
652 660
717 661
718 662
596 663
711 664
707 665
684 666
742 667
708 668
745 669
739 670
699 671
749 672
731 673
696 674
737 675
738 676
747 677
714 678
702 679
727 680
751 681
734 682
756 683
672 684
758 685
719 686
641 687
762 688
744 689
721 690
732 691
769 692
768 693
695 694
773 695
765 696
759 697
777 698
646 699
677 700
743 701
784 702
771 703
787 704
776 705
789 706
770 707
703 708
668 709
794 710
607 711
767 712
720 713
748 714
780 715
764 716
781 717
761 718
790 719
733 720
796 721
755 722
798 723
803 724
757 725
689 726
752 727
766 728
795 729
804 730
783 731
724 732
706 733
799 734
802 735
753 736
774 737
807 738
693 739
763 740
786 741
818 742
805 743
793 744
806 745
400 746
809 747
823 748
815 749
825 750
710 751
801 752
736 753
811 754
681 755
722 756
826 757
819 758
788 759
692 760
831 761
833 762
816 763
835 764
772 765
808 766
840 767
741 768
830 769
810 770
836 771
838 772
834 773
797 774
828 775
746 776
647 777
829 778
848 779
791 780
821 781
729 782
849 783
846 784
850 785
782 786
851 787
852 788
862 789
725 790
841 791
843 792
864 793
839 794
867 795
861 796
572 797
660 798
875 799
854 800
868 801
857 802
873 803
792 804
869 805
871 806
837 807
865 808
880 809
878 810
883 811
882 812
678 813
881 814
779 815
775 816
859 817
728 818
740 819
735 820
863 821
877 822
884 823
885 824
860 825
892 826
886 827
893 828
870 829
847 830
844 831
876 832
812 833
887 834
889 835
842 836
897 837
760 838
896 839
899 840
907 841
904 842
726 843
890 844
903 845
898 846
502 847
902 848
879 849
916 850
919 851
901 852
911 853
913 854
928 855
778 856
927 857
923 858
929 859
900 860
822 861
924 862
932 863
908 864
922 865
934 866
754 867
730 868
891 869
35 870
909 871
894 872
912 873
937 874
933 875
942 876
872 877
853 878
895 879
921 880
820 881
938 882
918 883
713 884
917 885
940 886
856 887
888 888
914 889
431 890
941 891
939 892
943 893
515 894
657 895
936 896
935 897
544 898
931 899
906 900
656 901
800 902
785 903
155 904
687 905
915 906
163 907
845 908
485 909
905 910
827 911
723 912
930 913
874 914
910 915
578 916
529 917
813 918
482 919
858 920
926 921
925 922
817 923
171 924
832 925
920 926
594 927
